JD,Magnitude,Uncertainty
2455201.954,4.12,
2455206.66,3.48,
2455210.913,4.06,
2455242.892,3.84,
2455251.887,4.06,
2455260.917,4.21,
2455265.979,3.29,
2455272.848,3.94,
2455294.835,3.74,
2455296.945,3.68,
2455307.822,3.74,
2455320.788,4.06,
2455321.832,3.84,
2455324.808,3.64,
2455337.783,3.56,
2455348.794,4.02,
2455498.892,3.63,
2455499.902,3.79,
2455511.107,3.75,
2455513.924,3.69,
2455525.986,4.12,
2455528.941,3.91,
2455534.041,3.57,
2455536.936,3.94,
2455537.941,3.83,
2455541.926,3.64,
2455559.993,3.57,
2455570.926,3.76,
2455587.469,3.85,
2455587.928,3.91,
2455591.48,3.6,
2455597.504,3.5,
2455601.452,3.5,
2455611.466,3.4,
2455626.478,3.7,
2455631.434,3.8,
2455638.46,3.5,
2455655.431,3.9,
2455656.506,3.9,
2455657.44,3.5,
2455658.438,3.2,
2455659.423,3.1,
2455660.842,3.52,
2455665.416,4,
2455677.41,3.6,
2455678.411,3.3,
2455678.804,3.61,
2455683.425,4.1,
2455686.428,3.9,
2455687.418,3.7,
2455689.442,3.7,
2455702.442,4.1,
2455703.41,4.1,
2455709.412,3.3,
2455712.401,4,
2455874.264,3.633,0.026
2455874.264,4.327,0.045
2455874.264,3.252,0.018
2455883.139,3.807,0.016
2455883.139,4.559,0.067
2455883.139,3.408,0.047
2455885.242,3.515,0.023
2455885.242,4.191,0.083
2455885.242,3.171,0.06
2455888.46,3.8,
2455889.47,3.8,
2455890.477,3.9,
2455893.202,3.746,0.02
2455893.202,4.555,0.048
2455893.202,3.359,0.043
2455893.413,3.6,
2455894.463,3.5,
2455896.463,3.45,
2455908.93,3.874,0.031
2455908.93,4.864,0.055
2455908.93,3.376,0.052
2455910.949,4.05,
2455911.96,3.94,
2455912.922,3.88,
2455915.278,3.444,0.068
2455915.278,4.19,0.121
2455915.278,3.134,0.041
2455918.938,3.86,
2455919.973,4.08,
2455930.277,4.1,0.008
2455930.277,5.09,0.139
2455930.277,3.605,0.033
2455930.488,4,
2455930.932,4.018,0.006
2455930.932,5.007,0.032
2455930.932,3.539,0.022
2455931.26,3.958,0.011
2455931.26,4.86,0.057
2455931.26,3.467,0.068
2455931.938,3.823,0.007
2455931.938,4.659,0.091
2455931.938,3.38,0.068
2455932.26,3.795,0.036
2455932.26,4.567,0.117
2455932.26,3.35,0.04
2455932.925,3.681,0.018
2455932.925,4.521,0.086
2455932.925,3.341,0.045
2455933.025,3.84,
2455933.974,3.58,
2455935.931,3.574,0.008
2455935.931,4.438,0.122
2455935.931,3.255,0.037
2455936.934,3.67,0.034
2455936.934,4.553,0.033
2455936.934,3.246,0.034
2455938.918,3.941,0.041
2455938.918,4.894,0.075
2455938.918,3.469,0.013
2455947.951,3.833,0.023
2455947.951,4.786,0.038
2455947.951,3.382,0.046
2455963.924,3.522,0.009
2455963.924,4.251,0.075
2455963.924,3.149,0.024
2455965.92,3.575,0.012
2455965.92,4.36,0.048
2455965.92,3.133,0.062
2455966.923,3.751,0.058
2455966.923,4.691,0.042
2455966.923,3.314,0.01
2455967.66,3.9,
2455967.929,3.871,0.031
2455967.929,4.803,0.017
2455967.929,3.413,0.02
2455969.936,4.062,0.014
2455969.936,5.072,0.039
2455969.936,3.605,0.008
2455977.466,3.6,
2455978.578,3.9,
2455978.578,3.8,
2455978.578,3.9,
2455989.904,4.009,0.013
2455989.904,4.967,0.017
2455989.904,3.537,0.018
2455992.444,3.7,
2455992.919,3.569,0.006
2455992.919,4.295,0.068
2455992.919,3.197,0.017
2455993.439,3.5,
2455993.445,3.5,
2455994.455,3.4,
2455994.455,3.5,
2455998.464,3.7,
2455999.439,3.9,
2456006.453,3.6,
2456006.453,3.7,
2456006.564,3.8,
2456007.444,3.7,
2456007.444,3.7,
2456007.86,4.18,
2456007.887,3.958,0.002
2456007.887,4.956,0.022
2456007.887,3.494,0.015
2456009.893,3.995,0.02
2456009.893,4.934,0.015
2456009.893,3.546,0.006
2456010.622,3.8,
2456012.485,3.8,
2456014.967,3.71,
2456015.366,3.6,
2456015.463,3.4,
2456015.889,3.67,0.02
2456015.889,4.545,0.022
2456015.889,3.263,0.009
2456016.428,3.8,
2456016.429,3.5,
2456017.419,3.9,
2456018.451,3.9,
2456019.883,3.944,0.006
2456019.883,4.829,0.015
2456019.883,3.476,0.018
2456020.479,3.9,
2456020.881,3.758,0.019
2456020.881,4.56,0.052
2456020.881,3.366,0.01
2456021.523,3.6,
2456021.885,3.644,0.02
2456021.885,4.375,0.014
2456021.885,3.254,0.024
2456022.433,3.6,
2456022.433,3.6,
2456022.88,3.561,0.021
2456022.88,4.268,0.011
2456022.88,3.191,0.016
2456023.875,3.439,0.013
2456023.875,4.099,0.066
2456023.875,3.072,0.05
2456024.499,3.6,
2456033.57,3.6,
2456034.469,3.5,
2456036.414,3.6,
2456050.412,3.6,
2456051.53,3.4,
2456053.563,3.4,
2456055.425,3.6,
2456057.414,4.1,
2456058.467,3.6,
2456061.399,3.7,
2456062.391,3.8,
2456069.41,4,
2456070.393,3.9,
2456074.39,3.6,
2456075.381,3.6,
2456077.397,4.3,
2456084.481,3.5,
2456092.39,3.4,
2456238.585,3.6,
2456257.535,3.8,
2456275.918,3.914,0.023
2456275.918,4.815,0.036
2456275.918,3.468,0.018
2456276.911,3.796,0.016
2456276.911,4.579,0.073
2456276.911,3.391,0.011
2456278.909,3.491,0.025
2456278.909,4.227,0.048
2456278.909,3.126,0.021
2456279.529,3.5,
2456280.494,3.6,
2456285.526,3.8,
2456294.919,4.045,0.011
2456294.919,5.056,0.02
2456294.919,3.549,0.016
2456295.921,3.828,0.015
2456295.921,4.68,0.012
2456295.921,3.416,0.021
2456296.548,3.6,
2456296.92,3.699,0.01
2456296.92,4.48,0.053
2456296.92,3.304,0.028
2456297.923,3.61,0.025
2456297.923,4.358,0.015
2456297.923,3.225,0.005
2456298.923,3.396,0.02
2456298.923,4.098,0.023
2456298.923,3.05,0.016
2456301.917,3.743,0.022
2456301.917,4.647,0.027
2456301.917,3.289,0.016
2456302.924,3.935,0.024
2456302.924,4.932,0.015
2456302.924,3.457,0.007
2456305.918,3.807,0.025
2456305.918,4.647,0.026
2456305.918,3.373,0.011
2456306.784,3.8,
2456306.939,3.67,0.014
2456306.939,4.448,0.033
2456306.939,3.276,0.01
2456311.535,3.6,
2456312.496,3.8,
2456312.496,3.9,
2456315.473,3.8,
2456325.917,3.775,0.011
2456325.917,4.595,0.035
2456325.917,3.361,0.018
2456326.911,3.622,0.004
2456326.911,4.353,0.042
2456326.911,3.233,0.015
2456327.913,3.533,0.019
2456327.913,4.23,0.034
2456327.913,3.168,0.012
2456330.515,3.5,
2456334.479,3.8,
2456335.907,3.765,0.014
2456335.907,4.57,0.034
2456335.907,3.349,0.015
2456339.602,3.5,
2456342.898,3.981,0.029
2456342.898,5.002,0.024
2456342.898,3.492,0.021
2456343.909,4.068,0.018
2456343.909,5.049,0.034
2456343.909,3.602,0.024
2456346.575,3.7,
2456349.894,3.557,0.033
2456349.894,4.365,0.034
2456349.894,3.157,0.008
2456353.464,3.7,
2456361.914,3.911,0.015
2456361.914,4.914,0.025
2456361.914,3.426,0.005
2456367.89,3.402,0.023
2456367.89,4.051,0.017
2456367.89,3.06,0.007
2456368.892,3.51,0.013
2456368.892,4.25,0.043
2456368.892,3.132,0.024
2456378.91,3.54,0.023
2456378.91,4.29,0.021
2456378.91,3.156,0.033
2456380.44,3.5,
2456382.417,3.8,
2456386.885,3.543,0.03
2456386.885,4.276,0.045
2456386.885,3.153,0.016
2456389.421,3.6,
2456396.915,3.543,0.007
2456396.915,4.256,0.06
2456396.915,3.176,0.01
2456397.422,3.3,
2456398.422,3.4,
2456400.867,3.844,0.011
2456400.867,4.764,0.045
2456400.867,3.394,0.012
2456402.441,4.1,
2456402.441,4,
2456403.456,4,
2456404.406,3.7,
2456405.422,3.6,
2456406.411,3.5,
2456407.866,3.488,0.018
2456407.866,4.178,0.023
2456407.866,3.109,0.014
2456411.4,3.8,
2456415.404,3.8,
2456416.407,3.8,
2456419.42,3.8,
2456421.411,4,
2456436.389,3.4,
2456439.388,3.6,
2456443.413,3.5,
2456449.413,3.7,
2456450.401,3.8,
2456497.849,3.7,
2456501.874,3.8,
2456502.861,3.8,
2456511.92,4.09,
2456515.863,3.5,
2456516.842,3.6,
2456519.854,4,
2456522.817,3.8,
2456524.867,3.6,
2456533.854,3.6,
2456534.85,3.5,
2456562.84,3.5,
2456573.826,3.6,
2456593.819,3.5,
2456594.82,3.5,
2456631.541,3.6,
2456632.792,3.5,
2456646.95,3.847,0.015
2456646.95,4.8,0.03
2456660.57,3.6,
2456663.911,3.493,0.035
2456663.911,4.224,0.025
2456663.911,3.092,0.017
2456665.48,3.6,
2456669.562,4,
2456671.941,3.62,0.02
2456671.941,4.39,0.03
2456675.533,3.9,
2456675.533,3.7,
2456675.933,3.722,0.027
2456675.933,4.638,0.028
2456675.933,3.274,0.032
2456677.469,3.8,
2456678.483,3.9,
2456685.477,3.6,
2456686.472,3.8,
2456687.465,3.8,
2456687.626,3.9,
2456688.538,3.8,
2456691.476,3.6,
2456691.93,3.9,
2456691.972,3.593,0.02
2456691.972,4.304,0.03
2456695.46,3.6,
2456697.566,3.9,
2456698.479,3.8,
2456699.471,3.8,
2456699.663,3.7,
2456700.504,3.7,
2456701.528,3.5,
2456702.902,3.395,0.007
2456702.902,4.067,0.01
2456702.902,3.05,0.011
2456703.911,3.545,0.019
2456703.911,4.316,0.023
2456703.911,3.146,0.01
2456706.583,3.9,
2456707.533,3.8,
2456709.649,3.8,
2456710.913,3.603,0.034
2456710.913,4.338,0.024
2456710.913,3.21,0.013
2456713.48,3.6,
2456717.526,3.8,
2456720.986,4.374,0.03
2456720.986,3.646,0.02
2456730.92,3.595,0.014
2456730.92,4.321,0.027
2456730.92,3.226,0.019
2456731.885,3.394,0.028
2456731.885,4.09,0.034
2456731.885,3.065,0.013
2456732.886,3.482,0.023
2456732.886,4.244,0.031
2456732.886,3.121,0.018
2456733.884,3.606,0.027
2456733.884,4.396,0.028
2456733.884,3.216,0.019
2456734.897,3.72,0.045
2456734.897,4.638,0.022
2456734.897,3.319,0.019
2456739.509,3.7,
2456749.884,3.659,0.055
2456749.884,4.395,0.055
2456749.884,3.302,0.069
2456751.872,3.385,0.025
2456751.872,4.055,0.058
2456751.872,3.096,0.076
2456754.903,3.764,0.058
2456754.903,4.671,0.055
2456754.903,3.371,0.108
2456761.87,3.38,0.04
2456761.87,4.07,0.05
2456761.87,3.11,0.11
2456764.868,3.788,0.031
2456764.868,4.75,0.073
2456764.868,3.359,0.092
2456765.883,3.946,0.029
2456765.883,4.927,0.064
2456765.883,3.501,0.096
2456767.87,3.94,0.03
2456767.87,4.82,0.05
2456767.87,3.53,0.1
2456774.861,3.821,0.029
2456774.861,4.765,0.062
2456774.861,3.42,0.103
2456775.861,3.984,0.042
2456775.861,4.989,0.056
2456775.861,3.53,0.112
2456781.861,3.434,0.037
2456781.861,4.125,0.051
2456781.861,3.169,0.136
2456784.876,3.836,0.045
2456784.876,4.786,0.079
2456784.876,3.475,0.148
2456785.86,3.94,0.06
2456785.86,4.96,0.07
2456785.86,3.51,0.14
2456787.86,3.891,0.043
2456787.86,4.758,0.073
2456787.86,3.544,0.146
2456798.858,3.719,0.073
2456798.858,4.475,0.112
2456798.858,3.452,0.195
2456875.86,3.8,
2456876.858,3.8,
2456878.852,3.6,
2456890.867,3.6,
2456891.858,3.7,
2456896.852,3.7,
2456897.859,3.6,
2456914.842,3.8,
2456916.823,3.6,
2456950.804,3.7,
2456959.802,3.6,
2456976.606,3.7,
2456978.738,3.6,
2456979.57,3.6,
2456988.791,3.5,
2456990.79,3.6,
2457010.481,3.6,
2457027.542,3.5,
2457033.234,4,
2457037.217,3.6,
2457043.243,4,
2457046.481,3.6,
2457060.484,3.6,
2457064.521,3.6,
2457065.032,3.9,
2457079.554,3.8,
2457085.544,3.6,
2457090.438,3.8,
2457091.026,4.3,
2457098.475,3.6,
2457106.024,3.5,
2457106.461,3.5,
2457118.049,3.7,
2457119.423,3.7,
2457124.477,3.6,
2457131.988,4.2,
2457139.029,4,
2457139.426,3.6,
2457141.405,3.7,
2457148.052,4,
2457150.408,4,
2457151.012,4,
2457152.416,3.7,
2457250.381,3.7,
2457269.352,4.3,
2457283.326,3.3,
2457288.345,4.2,
2457291.343,3.7,
2457296.329,3.8,
2457303.328,3.6,
2457307.322,4,
2457310.324,3.7,
2457311.29,3.7,
2457315.333,3.8,
2457316.311,3.9,
2457321.317,3.7,
2457322.297,3.6,
2457331.267,3.6,
2457334.235,3.6,
2457337.108,3.8,
2457338.233,4,
2457341.272,3.7,
2457346.277,4,
2457347.26,4.2,
2457351.115,3.7,
2457355.333,3.7,
2457356.072,3.8,
2457357.261,4,
2457364.244,3.7,
2457366.247,4,
2457367.26,4.1,
2457370.301,3.8,
2457371.223,3.7,
2457373.247,3.6,
2457374.273,3.7,
2457378.225,3.9,
2457391.925,3.416,0.012
2457391.925,4.116,0.015
2457392.93,3.552,0.014
2457392.93,4.36,0.022
2457393.972,3.667,0.021
2457393.972,4.562,0.013
2457394.255,3.9,
2457394.953,3.832,0.028
2457394.953,4.791,0.029
2457396.214,4.2,
2457397.076,4.1,
2457398.909,3.751,0.013
2457398.909,4.556,0.02
2457399.471,3.6,
2457399.909,3.62,0.022
2457399.909,4.354,0.026
2457401.061,3.5,
2457402.056,3.6,
2457404.504,3.7,
2457405.483,3.8,
2457406.507,3.9,
2457407.504,3.9,
2457407.95,3.876,0.013
2457407.95,4.709,0.02
2457408.491,3.7,
2457410.912,3.457,0.023
2457410.912,4.137,0.015
2457421.053,4.1,
2457422.047,3.8,
2457425.026,4.2,
2457427.045,4.4,
2457429.56,3.6,
2457430.038,3.7,
2457433.91,3.765,0.038
2457433.91,4.669,0.023
2457438.083,4,
2457441.051,3.5,
2457444.049,3.9,
2457444.904,3.938,0.017
2457444.904,4.937,0.011
2457446.894,3.959,0.021
2457446.894,4.889,0.015
2457448.554,3.6,
2457449.456,3.6,
2457452.027,3.7,
2457453.008,3.8,
2457454.45,3.7,
2457458.568,3.6,
2457462.458,3.7,
2457463.476,3.7,
2457464.451,3.7,
2457471.958,3.569,0.027
2457471.958,4.377,0.02
2457472.913,3.699,0.025
2457472.913,4.593,0.02
2457474.427,3.8,
2457475.427,3.7,
2457476.458,3.8,
2457477.008,4.1,
2457477.472,3.6,
2457477.875,3.71,0.022
2457477.875,4.471,0.021
2457479.547,3.5,
2457479.992,3.8,
2457480.438,3.3,
2457481.417,3.5,
2457481.908,3.571,0.017
2457481.908,4.375,0.015
2457485.035,4.1,
2457485.424,4,
2457490.88,3.49,0.02
2457490.88,4.246,0.023
2457494.419,3.8,
2457496.875,3.815,0.017
2457496.875,4.631,0.02
2457498.449,3.6,
2457509.869,3.407,0.018
2457509.869,4.033,0.024
2457510.415,3.6,
2457523.86,3.975,0.049
2457523.86,4.991,0.037
2457589.407,3.6,
2457601.376,3.8,
2457603.376,3.9,
2457614.365,3.8,
2457634.365,3.8,
2457658.291,3.6,
2457658.801,3.6,
2457659.317,3.6,
2457659.802,3.6,
2457660.326,3.7,
2457661.29,3.8,
2457664.292,4,
2457665.285,3.9,
2457666.279,3.9,
2457682.286,4,
2457683.285,4,
2457685.292,3.8,
2457687.283,3.6,
2457689.279,3.7,
2457689.622,3.6,
2457692.3,4.2,
2457695.298,3.7,
2457697.308,3.7,
2457699.281,3.7,
2457700.291,4,
2457702.273,4,
2457713.269,4,
2457714.255,3.7,
2457716.251,3.7,
2457717.241,3.7,
2457719.269,3.7,
2457720.058,3.8,
2457721.26,4,
2457722.263,4.1,
2457727.077,3.7,
2457728.248,3.7,
2457728.508,3.7,
2457730.29,3.9,
2457730.572,3.9,
2457731.069,3.9,
2457736.263,3.7,
2457737.259,3.7,
2457739.056,3.8,
2457740.251,3.9,
2457741.238,4.1,
2457741.491,3.8,
2457743.096,3.8,
2457745.228,3.7,
2457746.261,3.7,
2457747.258,3.7,
2457749.251,3.9,
2457750.24,4.1,
2457751.065,4.1,
2457752.247,4.1,
2457753.249,4,
2457755.226,3.8,
2457756.044,3.7,
2457756.499,3.7,
2457757.229,3.7,
2457761.277,4.1,
2457762.263,4.1,
2457763.276,3.9,
2457764.269,3.7,
2457768.055,3.7,
2457770.052,4.1,
2457773.035,3.7,
2457773.514,3.8,
2457774.54,3.6,
2457775.035,3.5,
2457775.489,3.4,
2457777.069,3.6,
2457778.033,3.8,
2457786.049,3.6,
2457790.033,4.2,
2457792.044,4.1,
2457793.078,3.8,
2457798.037,3.8,
2457799.016,4,
2457801.013,4.1,
2457803.446,3.6,
2457804.03,3.8,
2457811.022,4.1,
2457812.008,3.7,
2457815.452,3.6,
2457819.001,4,
2457819.442,3.8,
2457821.008,4,
2457829.001,4.3,
2457832.012,3.9,
2457833.495,3.6,
2457836.03,3.8,
2457840.5,3.8,
2457842.022,3.9,
2457844.415,3.5,
2457845.502,3.5,
2457850.423,3.7,
2457858.436,3.8,
2457863.979,4,
2457867.958,4.2,
2457868.41,3.9,
2457872.426,3.6,
2457873.422,3.5,
2457880.405,3.8,
2457898.408,3.9,
2457955.862,3.8,
2457979.871,3.8,
2457990.369,3.7,
2457991.356,3.6,
2457993.358,3.7,
2458000.373,3.7,
2458001.344,3.7,
2458010.354,3.8,
2458014.32,3.9,
2458038.34,3.9,
2458039.299,3.8,
2458045.135,4,
2458046.265,4.2,
2458047.294,4,
2458051.25,3.6,
2458056.259,4.2,
2458058.267,3.8,
2458061.267,3.6,
2458067.287,4,
2458068.256,3.9,
2458069.302,3.7,
2458069.613,3.8,
2458070.252,3.6,
2458071.278,3.5,
2458071.514,3.8,
2458072.092,3.6,
2458073.243,3.8,
2458076.073,4,
2458079.24,3.7,
2458082.26,3.6,
2458082.508,4,
2458083.242,3.8,
2458086.25,4,
2458088.259,3.8,
2458089.29,3.7,
2458093.066,3.9,
2458094.246,4,
2458098.263,3.8,
2458099.251,3.8,
2458100.043,3.7,
2458101.247,3.7,
2458102.268,3.8,
2458103.283,3.9,
2458104.482,4,
2458107.079,3.9,
2458108.24,3.8,
2458110.642,3.5,
2458113.94,3.9,
2458121.09,3.6,
2458122.043,3.7,
2458122.514,3.6,
2458126.058,3.8,
2458127.07,3.8,
2458130.029,3.5,
2458131.038,3.7,
2458132.049,3.7,
2458135.042,3.8,
2458137.042,3.8,
2458138.029,3.7,
2458140.032,3.5,
2458141.026,3.5,
2458143.029,3.7,
2458144.036,3.8,
2458146.036,4,
2458148.05,3.6,
2458149.029,3.5,
2458150.032,3.5,
2458152.485,3.8,
2458154.043,3.9,
2458155.054,4,
2458155.549,3.8,
2458159.031,3.5,
2458161.022,3.7,
2458162.033,3.8,
2458163.022,3.9,
2458164.049,3.9,
2458165.015,4,
2458169.031,3.5,
2458170.008,3.4,
2458171.01,3.5,
2458183.521,3.7,
2458184.008,4.1,
2458185.019,4.1,
2458188.547,3.5,
2458189.015,3.5,
2458189.455,3.6,
2458195.995,4,
2458215.413,3.7,
2458215.979,3.8,
2458216.444,3.6,
2458221.419,3.8,
2458224.994,3.9,
2458229.408,3.6,
2458230.413,3.6,
2458231.424,3.8,
2458235.406,3.7,
2458237.401,3.6,
2458242.404,3.7,
2458247.83,3.5,
2458249.417,3.4,
2458250.8,3.93,
2458251.408,3.6,
2458258.419,3.6,
2458260.399,3.7,
2458355.379,3.7,
2458370.852,3.8,
2458377.316,3.7,
2458378.336,3.7,
2458381.351,4.1,
2458383.347,3.8,
2458407.294,3.6,
2458408.292,3.8,
2458433.276,3.7,
2458434.258,3.8,
2458437.281,3.7,
2458442.274,3.9,
2458443.254,3.7,
2458443.606,3.5,
2458449.079,4.2,
2458450.251,4.3,
2458451.055,4.2,
2458454.268,3.6,
2458455.092,3.5,
2458456.074,3.7,
2458460.25,4.1,
2458461.256,4,
2458462.291,3.9,
2458465.247,3.7,
2458466.065,3.7,
2458468.256,4,
2458469.278,4.1,
2458470.086,4.1,
2458471.263,3.9,
2458472.292,3.8,
2458473.251,3.7,
2458477.96,4.4,
2458478.942,4.3,
2458481.007,3.9,
2458481.056,3.9,
2458482.238,3.8,
2458483.044,3.7,
2458484.738,3.4,
2458486.055,3.6,
2458487.251,3.8,
2458488.252,4,
2458490.247,4.1,
2458492.256,3.8,
2458493.073,3.7,
2458495.243,3.5,
2458508.042,4,
2458509.028,4.1,
2458509.511,3.8,
2458512.035,3.7,
2458512.525,3.5,
2458514.498,3.5,
2458518.035,4,
2458520.617,3.7,
2458521.492,3.6,
2458522.036,3.7,
2458522.549,3.5,
2458529.049,4,
2458533.462,3.4,
2458536.543,3.6,
2458537.485,3.9,
2458538.476,3.8,
2458544.457,3.6,
2458547.449,3.7,
2458554.87,3.9,
2458559.018,3.9,
2458566.448,3.8,
2458567.451,3.8,
2458571.981,3.9,
2458572.85,3.3,
2458573.428,3.5,
2458574.42,3.5,
2458575.423,3.6,
2458576.85,4.2,
2458578.985,3.9,
2458579.83,3.9,
2458582.54,3.5,
2458585.415,3.6,
2458589.428,3.7,
2458590.412,3.6,
2458592.44,3.4,
2458593.421,3.5,
2458603.408,3.5,
2458604.403,3.7,
2458607.404,4,
2458609.398,3.8,
2458620.401,3.5,
2458626.84,3.8,
2458628.402,3.7,
2458629.415,3.8,
2458630.401,3.6,
2458632.8,3.42,
2458642.392,3.4,
2458754.835,3.8,
2458776.806,3.6,
2458811.565,3.7,
2458816.523,3.6,
2458828.492,3.5,
2458843.505,3.9,
2458844.613,3.8,
2458847.549,3.6,
2458848.56,3.6,
2458851.519,3.7,
2458854.257,4.2,
2458854.594,3.9,
2458855.265,4.1,
2458855.506,3.7,
2458856.268,3.9,
2458869.953,3.7,
2458873.506,3.7,
2458874.481,3.8,
2458876.576,3.6,
2458885.501,3.6,
2458891.479,3.8,
2458893.538,3.9,
2458902.469,3.8,
2458906.551,3.4,
2458907.466,3.4,
2458909.523,3.6,
2458910.454,3.6,
2458914.46,3.9,
2458918.527,3.4,
2458921.449,3.8,
2458930.499,3.8,
2458931.441,3.9,
2458934.436,3.6,
2458936.448,3.5,
2458938.466,3.6,
2458939.47,3.7,
2458942.46,3.8,
2458943.487,3.8,
2458944.43,3.7,
2458945.417,3.6,
2458950.463,3.7,
2458952.425,3.9,
2458954.422,3.7,
2458955.425,3.5,
2458956.44,3.4,
2458957.438,3.5,
2458959.454,3.6,
2458960.434,3.8,
2458961.453,3.8,
2458963.45,3.8,
2458965.431,3.7,
2458966.415,3.4,
2458972.432,4,
2458973.442,3.9,
2458974.399,3.6,
2458976.419,3.4,
2458978.429,3.6,
2458979.43,3.7,
2458981.419,3.8,
2458984.434,3.8,
2458985.429,3.7,
2458986.431,3.7,
2458989.434,3.9,
2458996.392,3.4,
2459047.863,3.8,
2459088.385,3.8,
2459092.332,3.8,
2459104.322,3.6,
2459105.333,3.7,
2459110.329,4.1,
2459115.279,3.7,
2459132.306,3.7,
2459133.266,3.7,
2459134.311,3.8,
2459135.272,3.6,
2459137.253,3.7,
2459139.278,3.8,
2459142.264,3.8,
2459144.287,3.5,
2459145.247,3.6,
2459146.268,3.8,
2459151.801,3.6,
2459158.251,4.2,
2459159.663,3.8,
2459160.263,4,
2459165.294,3.7,
2459170.766,3.6,
2459171.751,3.5,
2459172.254,3.6,
2459173.246,3.6,
2459174.265,3.7,
2459175.281,3.7,
2459176.285,3.8,
2459177.244,4,
2459178.263,4.1,
2459184.264,3.6,
2459189.244,4,
2459190.261,3.9,
2459191.256,3.7,
2459195.242,3.7,
2459198.258,4.1,
2459199.247,4,
2459201.241,3.7,
2459204.241,3.6,
2459206.244,4,
2459210.24,4,
2459211.279,3.7,
2459218.24,4.1,
2459218.506,3.8,
2459219.235,3.9,
2459219.49,3.8,
2459221.045,3.7,
2459225.228,3.9,
2459227.04,4.1,
2459230.471,3.6,
2459250.473,3.6,
2459254.555,3.7,
2459262.458,3.7,
2459263.485,3.6,
2459264.439,3.8,
2459264.556,3.6,
2459268.458,3.7,
2459281.466,3.5,
2459284.552,3.7,
2459285.552,3.9,
2459294.431,3.6,
2459305.449,3.9,
2459306.413,4,
2459308.467,3.6,
2459310.434,3.4,
2459313.448,3.6,
2459319.427,3.7,
2459320.444,3.5,
2459335.428,3.8,
2459337.86,3.47,
2459342.431,3.4,
2459343.403,3.8,
2459345.41,4,
2459347.426,3.8,
2459348.422,3.6,
2459414.865,4.1,
2459415.858,4,
2459423.869,4,
2459428.835,3.7,
2459429.873,3.6,
2459467.856,3.8,
2459484.82,3.7,
2459543.56,3.7,
2459549.473,3.8,
2459556.579,3.6,
2459561.483,4,
2459568.563,3.8,
2459571.484,4,
2459572.612,3.8,
2459575.543,3.7,
2459575.604,3.6,
2459576.521,3.5,
2459576.567,3.5,
2459577.563,3.6,
2459580.619,3.7,
2459581.585,3.8,
2459597.573,3.4,
2459602.5,3.8,
2459603.576,3.6,
2459604.583,3.6,
2459626.465,3.5,
2459630.5,3.8,
2459634.523,3.6,
2459634.581,3.5,
2459643.594,3.5,
2459663.973,3.5,
2459665.431,3.4,
2459666.435,3.5,
2459668.431,3.8,
2459689.46,4,
2459694.41,3.7,
2459697.417,3.7,
2459699.436,4,
2459707.404,3.8,
2459709.408,4.1,
2459716.401,3.7,
2459717.399,3.4,
2459720.396,4,
2459721.401,3.9,
2459722.43,3.6,
2459723.41,3.5,
2459724.407,3.3,
2459725.411,3.6,
2459743.395,3.4,
2459760.885,3.9,
2459768.861,4.2,
2459772.91,3.6,
2459780.859,4,
2459787.866,3.8,
2459789.906,4.1,
2459796.844,4,
2459816.828,3.8,
2459820.848,3.6,
2459824.899,3.9,
2459829.888,4,
2459830.852,3.5,
2459833.815,3.5,
2459841.838,3.5,
2459842.824,3.6,
2459845.828,3.7,
2459846.806,3.8,
2459860.822,3.5,
2459861.751,3.6,
2459861.81,3.5,
2459877.844,4.3,
2459882.81,3.5,
2459889.781,4,
2459898.744,3.7,
2459899.736,3.6,
2459900.727,3.5,
2459900.823,3.5,
2459901.729,3.5,
2459903.718,3.6,
2459921.6,3.5,
2459922.604,3.6,
2459927.49,3.9,
2459942.493,3.5,
2459944.552,3.8,
2459949.619,3.6,
2459952.58,3.6,
2459954.487,3.8,
2459965.5,3.8,
2459969.481,3.6,
2459970.48,3.5,
2459972.485,3.7,
2459981.544,3.7,
2459983.454,3.8,
2459988.482,3.6,
2459989.477,3.6,
2459994.482,3.9,
2460001.471,3.6,
2460004.486,3.8,
2460010.51,3.6,
2460015.46,3.7,
2460017.531,3.6,
2460020.461,3.4,
2460020.462,3.5,
2460021.549,3.6,
2460022.457,3.7,
2460023.463,3.7,
2460028.449,3.5,
2460030.486,3.5,
2460035.487,4,
2460036.445,3.7,
2460038.423,3.5,
2460045.46,3.9,
2460046.447,3.6,
2460055.426,3.7,
2460060.433,3.5,
2460065.413,3.8,
2460066.41,3.7,
2460078.397,3.5,
2460079.415,3.7,
2460080.408,3.7,
2460081.404,3.8,
2460083.411,3.8,
2460088.415,3.4,
2460171.818,4,
2460178.854,3.7,
2460202.838,3.9,
2460234.069,4.43,0.012
2460234.072,3.646,0.012
2460234.075,3.289,0.011
2460234.078,2.876,0.014
2460236.016,4.153,0.011
2460236.019,3.42,0.012
2460236.022,3.136,0.011
2460236.024,2.688,0.013
2460237.06,4.267,0.015
2460237.063,3.552,0.013
2460237.066,3.18,0.012
2460237.069,2.755,0.016
2460239.019,4.612,0.014
2460239.022,3.717,0.012
2460239.026,3.327,0.011
2460239.028,2.801,0.015
2460242.199,4.875,0.013
2460242.202,3.9,0.012
2460242.206,3.439,0.012
2460242.208,3.043,0.014
2460243.019,4.526,0.015
2460243.021,3.752,0.013
2460243.025,3.364,0.012
2460243.027,2.926,0.015
2460244.001,4.354,0.015
2460244.004,3.575,0.013
2460244.008,3.279,0.012
2460244.01,2.881,0.015
2460246.013,4.014,0.014
2460246.016,3.356,0.013
2460246.019,3.023,0.012
2460246.022,2.66,0.014
2460250.096,4.882,0.014
2460250.099,3.903,0.014
2460250.102,3.44,0.013
2460250.105,2.984,0.015
2460250.988,5.004,0.019
2460250.99,3.927,0.018
2460250.994,3.484,0.015
2460250.996,3.067,0.018
2460252.004,4.835,0.014
2460252.006,3.915,0.013
2460252.01,3.459,0.012
2460252.012,3.033,0.014
2460252.624,3.8,
2460252.995,4.498,0.014
2460252.997,3.696,0.013
2460253.001,3.292,0.012
2460253.003,2.913,0.015
2460253.782,3.8,
2460253.995,4.301,0.015
2460253.998,3.59,0.013
2460254.001,3.252,0.012
2460254.004,2.848,0.015
2460254.988,4.29,0.015
2460254.991,3.516,0.014
2460254.994,3.205,0.013
2460254.997,2.81,0.015
2460256.091,4.018,0.014
2460256.093,3.364,0.013
2460256.097,3.071,0.012
2460256.1,2.651,0.015
2460258.064,4.431,0.014
2460258.067,3.555,0.013
2460258.07,3.175,0.012
2460258.073,2.763,0.014
2460259.013,4.65,0.017
2460259.016,3.716,0.016
2460259.019,3.269,0.017
2460259.022,2.841,0.021
2460259.975,4.865,0.014
2460259.977,3.887,0.013
2460259.981,3.452,0.012
2460259.983,2.963,0.015
2460260.971,4.977,0.015
2460260.974,3.967,0.013
2460260.977,3.343,0.023
2460260.979,2.933,0.028
2460262.954,4.517,0.016
2460262.957,3.698,0.014
2460262.96,3.322,0.013
2460262.963,2.909,0.016
2460265.184,4.299,0.013
2460265.187,3.626,0.012
2460265.19,3.212,0.012
2460265.193,2.826,0.014
2460266.004,4.126,0.014
2460266.007,3.487,0.013
2460266.01,3.149,0.012
2460266.012,2.711,0.014
2460266.998,4.288,0.014
2460267.001,3.552,0.013
2460267.004,3.15,0.012
2460267.007,2.7,0.014
2460281.999,4.721,0.014
2460282.002,3.858,0.013
2460282.006,3.44,0.012
2460282.008,3.007,0.015
2460283.139,4.873,0.009
2460283.142,3.776,0.013
2460283.146,3.319,0.013
2460283.148,3.068,0.009
2460292.741,3.7,
2460296.655,3.5,
2460296.739,3.5,
2460298.556,3.7,
2460307.783,3.4,
2460314.988,4.063,0.014
2460314.991,3.465,0.013
2460314.995,3.13,0.012
2460314.998,2.685,0.016
2460319.152,4.926,0.016
2460319.156,3.989,0.013
2460319.159,3.536,0.012
2460319.163,3.04,0.016
2460325.538,3.5,
2460325.66,3.3,
2460326.654,3.4,
2460327.685,3.5,
2460328.682,3.7,
2460343.174,4.321,0.016
2460343.177,3.645,0.013
2460343.18,3.28,0.012
2460343.184,2.917,0.017
2460343.642,3.4,
2460344.096,4.089,0.016
2460344.1,3.466,0.013
2460344.103,3.142,0.012
2460344.106,2.777,0.017
2460344.495,3.5,
2460345.073,4.127,0.029
2460345.075,3.274,0.022
2460345.078,2.975,0.024
2460345.081,2.734,0.026
2460347.13,4.583,0.016
2460347.133,3.813,0.013
2460347.137,3.394,0.012
2460347.14,2.918,0.016
2460348.009,4.805,0.015
2460348.012,3.857,0.013
2460348.016,3.429,0.012
2460348.019,2.986,0.016
2460349.103,4.987,0.016
2460349.106,3.985,0.013
2460349.109,3.505,0.012
2460349.112,3.093,0.017
2460350.133,4.971,0.016
2460350.136,3.991,0.013
2460350.139,3.523,0.013
2460350.142,3.145,0.017
2460351.474,3.6,
2460352.087,4.504,0.016
2460352.09,3.727,0.013
2460352.093,3.377,0.012
2460352.096,2.952,0.017
2460352.472,3.6,
2460353.071,4.325,0.016
2460353.074,3.717,0.013
2460353.078,3.343,0.012
2460353.081,2.88,0.017
2460353.6,3.4,
2460360.147,4.919,0.035
2460360.15,3.957,0.042
2460360.152,3.528,0.04
2460360.155,3.178,0.058
2460370.569,3.5,
2460372.458,3.6,
2460373.113,4.233,0.017
2460373.116,3.583,0.014
2460373.12,3.252,0.012
2460373.123,2.827,0.017
2460377.05,4.697,0.016
2460377.053,3.789,0.014
2460377.057,3.35,0.013
2460377.06,2.93,0.017
2460378.045,4.928,0.016
2460378.048,4.011,0.013
2460378.051,3.546,0.012
2460378.055,3.02,0.017
2460378.577,4,
2460380.547,3.8,
2460380.956,4.609,0.036
2460380.958,3.882,0.05
2460380.961,3.328,0.078
2460384.467,3.6,
2460384.991,4.238,0.016
2460384.994,3.561,0.013
2460384.997,3.191,0.012
2460385,2.764,0.016
2460387.523,3.7,
2460394.978,4.338,0.015
2460394.982,3.707,0.013
2460394.985,3.275,0.012
2460394.988,2.78,0.017
2460395.98,4.499,0.017
2460395.983,3.652,0.014
2460395.987,3.257,0.013
2460395.99,2.837,0.017
2460396.942,4.759,0.017
2460396.945,3.826,0.013
2460396.948,3.365,0.013
2460396.952,2.975,0.017
2460398.432,3.8,
2460400.426,3.7,
2460402.422,3.7,
2460406.463,3.5,
2460407.997,5.002,0.018
2460408,3.966,0.014
2460408.003,3.499,0.013
2460408.007,3.094,0.018
2460411.948,4.323,0.016
2460411.952,3.667,0.014
2460411.955,3.305,0.013
2460411.958,2.885,0.017
2460412.967,4.137,0.018
2460412.97,3.551,0.015
2460412.973,3.112,0.016
2460412.976,2.811,0.021
2460414.985,4.322,0.021
2460414.988,3.597,0.016
2460414.992,3.224,0.014
2460414.995,2.828,0.019
2460415.921,4.534,0.019
2460415.925,3.716,0.015
2460415.928,3.31,0.014
2460415.931,2.847,0.018
2460417.913,4.973,0.017
2460417.917,4.001,0.014
2460417.92,3.507,0.013
2460417.924,3.082,0.018
2460419.914,4.649,0.017
2460419.917,3.841,0.014
2460419.92,3.42,0.013
2460419.924,2.997,0.018
2460420.927,4.449,0.016
2460420.93,3.695,0.014
2460420.933,3.369,0.012
2460420.936,2.924,0.017
2460422.92,4.102,0.033
2460422.923,3.479,0.014
2460422.926,3.184,0.013
2460422.929,2.764,0.018
2460431.932,4.296,0.017
2460431.935,3.578,0.014
2460431.938,3.237,0.013
2460431.941,2.896,0.018
2460432.892,4.05,0.018
2460432.896,3.482,0.014
2460432.899,3.095,0.013
2460432.902,2.713,0.018
2460433.888,4.244,0.018
2460433.892,3.541,0.015
2460433.895,3.124,0.014
2460433.898,2.781,0.021
2460435.889,4.635,0.017
2460435.893,3.776,0.014
2460435.896,3.322,0.013
2460435.899,2.905,0.018
2460436.887,4.884,0.017
2460436.89,3.915,0.014
2460436.894,3.453,0.013
2460436.897,3.011,0.018
2460444.897,4.449,0.018
2460444.901,3.683,0.015
2460444.904,3.263,0.014
2460444.907,2.814,0.018
2460448.853,4.893,0.017
2460448.856,4.005,0.014
2460448.86,3.531,0.013
2460448.863,3.102,0.018
2460452.851,4.039,0.019
2460452.854,3.399,0.015
2460452.858,3.091,0.014
2460452.861,2.718,0.018
2460453.855,4.258,0.018
2460453.858,3.589,0.015
2460453.861,3.225,0.013
2460453.864,2.788,0.018
2460455.868,4.665,0.019
2460455.871,3.771,0.016
2460455.875,3.249,0.015
2460455.878,2.786,0.022
2460458.868,4.843,0.019
2460458.871,3.961,0.015
2460458.875,3.461,0.014
2460458.878,3.038,0.019
2460463.853,4.31,0.018
2460463.856,3.561,0.015
2460463.86,3.207,0.013
2460463.863,2.724,0.018
2460467.851,5.007,0.018
2460467.854,3.997,0.015
2460467.858,3.525,0.014
2460467.861,3.118,0.018
2460468.851,4.782,0.019
2460468.854,3.919,0.015
2460468.858,3.455,0.014
2460468.861,3.043,0.019
2460480.329,4.31,0.022
2460480.332,3.582,0.017
2460480.336,3.226,0.015
2460480.339,2.84,0.02
2460483.319,4.181,0.025
2460483.322,3.39,0.021
2460483.326,2.97,0.019
2460483.329,2.629,0.026
2460548.839,3.9,
2460559.851,3.5,
2460581.819,3.5,
2460582.842,3.6,
2460586.714,3.8,
2460588.79,3.7,
2460599.826,3.6,
2460609.794,3.5,
2460615.803,3.7,
2460632.8,3.5,
2460679.51,3.6,
2460684.497,3.8,
2460694.549,3.8,
2460694.93,4,
2460698.5,3.65,
2460704.92,3.4,
2460708.479,3.55,
2460708.95,3.46,
2460712.493,4,
2460716.462,3.6,
2460721.476,3.9,
2460722.89,4.3,
2460729.524,3.65,
2460731.453,3.8,
2460732.451,3.8,
2460736.44,3.7,
2460738.451,3.65,
2460738.483,3.5,
2460739.44,3.5,
2460739.87,3.46,
2460740.434,3.6,
2460741.438,3.8,
2460743.439,3.9,
2460745.451,3.8,
2460750.462,3.8,
2460754.429,3.6,
2460754.85,3.7,
2460756.438,3.7,
2460759.85,3.5,
2460765.423,3.6,
2460770.431,3.7,
2460770.456,3.5,
2460771.417,3.8,
2460777.424,3.5,
2460792.409,3.9,
2460794.409,3.6,
2460799.404,3.7,
2460800.404,3.7,
2460801.405,3.9,
2460806.399,3.5,
2460807.408,3.5,
2460874.842,3.8,
2460878.847,3.6,
2460885.854,3.7,
2460888.849,3.8,
2460900.848,4,
2460904.847,3.6,
2460908.852,3.8,
2460931.84,3.8,
2460932.833,3.7,
2460941.821,3.8,
2460942.833,3.6,
2460990.793,3.5,
2460990.995,3.7,
2460991.977,3.6,
2460998.783,3.7,
2461000.608,3.9,
2461005.67,3.7,
2461006.051,3.6,
2461012.604,3.65,
2461022.667,3.7,
2461026.78,3.8,
2461053.49,3.65,
2461063.635,3.5,
2461066.611,4,
2461067.479,3.9,
2461068.481,3.9,
2461077.528,4,
2461078.005,4.4,
2461081.989,3.5,