2454790.601	4.189
2454792.59	3.69
2454797.551	4.109
2454830.532	3.448
2454831.515	3.743
2454832.535	3.995
2454854.531	4.103
2454971.847	3.946
2454987.871	3.928
2455005.835	4.294
2455009.794	4.034
2455011.785	4.316
2455018.77	3.579
2455026.834	4.222
2455036.724	4.064
2455038.709	4.298
2455039.704	3.484
2455044.764	3.741
2455046.728	3.874
2455052.709	4.01
2455053.704	4.232
2455056.693	3.669
2455058.719	4.145
2455068.642	3.993
2455073.664	3.913
2455076.638	4.083
2455083.61	3.7
2455086.8	4.335
2455088.622	3.571
2455091.573	4.278
2455105.574	3.83
2455109.738	3.469
2455110.563	3.721
2455124.622	4.245
2455124.778	4.224
2455127.671	4.009
2455127.72	4.015
2455127.827	4.046
2455128.664	4.204
2455128.693	4.2
2455128.786	4.23
2455128.852	4.249
2455129.69	4.326
2455129.721	4.349
2455129.783	4.333
2455129.851	4.295
2455131.625	3.59
2455131.659	3.64
2455131.687	3.659
2455131.72	3.67
2455131.779	3.673
2455131.86	3.744
2455135.638	4.115
2455135.671	4.091
2455135.701	4.068
2455135.76	4.01
2455135.837	3.962
2455139.714	4.268
2455140.651	4.304
2455140.692	4.297
2455140.84	4.24
2455141.62	3.566
2455141.648	3.55
2455141.69	3.492
2455141.764	3.516
2455141.838	3.521
2455143.544	3.949
2455144.62	4.172
2455144.663	4.17
2455144.741	4.188
2455144.815	4.205
2455145.625	4.347
2455145.67	4.337
2455145.745	4.357
2455145.818	4.326
2455146.633	3.856
2455146.685	3.806
2455146.719	3.75
2455146.805	3.701
2455151.63	4.213
2455151.694	4.169
2455151.779	4.045
2455152.64	3.534
2455153.624	3.767
2455153.765	3.843
2455154.692	4.055
2455155.595	4.215
2455155.703	4.262
2455156.629	4.32
2455156.773	4.33
2455157.55	3.651
2455474.645	3.447
2455483.582	4.176
2455497.52	3.788
2455503.498	3.927
2455514.531	4.026
2455734.366	3.973
2455741.362	4.246
2455742.384	3.674
2455747.383	3.996
2455752.428	4.254
2455754.434	3.679
2455759.397	3.511
2455761.557	3.992
2455776.383	3.757
2455778.335	4.209
2455779.714	3.826
2455780.353	3.428
2455784.353	4.249
2455787.415	3.865
2455787.419	3.872
2455788.42	4.071
2455788.422	4.062
2455790.318	4.04
2455790.321	4.025
2455791.354	3.453
2455795.374	4.212
2455799.353	4.093
2455802.344	3.55
2455808.325	3.736
2455809.3	4.006
2455815.381	4.064
2455817.29	3.923
2455829.285	3.587
2455830.269	3.819
2455831.281	4.051
2455832.289	4.238
2455833.291	3.981
2455835.285	3.784
2455836.332	3.956
2455837.268	4.177
2455838.319	4.158
2455839.26	3.558
2455841.291	3.883
2455844.567	3.484
2455846.625	3.919
2455848.556	4.195
2455849.586	3.792
2455850.554	3.547
2455851.229	3.731
2455851.541	3.813
2455852.276	3.928
2455852.613	4.01
2455853.269	4.114
2455855.558	3.434
2455856.243	3.615
2455856.538	3.693
2455857.267	3.849
2455859.543	4.195
2455860.535	3.599
2455863.541	4.011
2455864.545	4.181
2455865.537	3.936
2455866.415	3.426
2455866.529	3.472
2455867.519	3.782
2455871.524	3.465
2455874.269	4.041
2455875.525	4.191
2455876.522	3.716
2455877.524	3.562
2455878.306	3.763
2455883.519	3.726
2455889.538	3.895
2455893.29	3.416
2455896.523	4.152
2455897.539	4.068
2455901.242	4.04
2455904.205	3.561
2455907.225	4.133
2455930.205	3.659
2455947.254	3.591
2455984.665	3.457
2455984.668	3.528
2456008.626	4.105
2456008.629	4.069
2456025.602	4.227
2456035.609	4.11
2456040.585	4.028
2456040.595	4.054
2456046.582	4.13
2456046.59	4.126
2456048.448	3.459
2456065.441	3.618
2456065.444	3.531
2456072.419	3.867
2456074.404	4.246
2456081.389	3.568
2456094.447	4.11
2456094.489	4.079
2456095.46	4.249
2456096.552	3.732
2456100	4
2456101.406	4.087
2456102.365	3.321
2456102.9	3.7
2456106.424	4.222
2456107.375	3.598
2456111.385	4.189
2456111.9	4.2
2456117.383	4.147
2456125.349	3.82
2456127.371	4.199
2456132.374	4.181
2456135.443	3.709
2456145.339	3.467
2456151.442	3.594
2456152.345	3.937
2456153.422	4.038
2456154.316	4.233
2456155.36	3.923
2456155.537	3.694
2456157.41	3.778
2456158.366	3.929
2456159.365	4.182
2456167.298	3.579
2456168.342	3.863
2456177.332	3.453
2456177.338	3.472
2456179.376	3.862
2456180.277	4.074
2456180.551	4.073
2456180.665	4.168
2456181.56	4.177
2456182.288	3.84
2456182.399	3.676
2456182.574	3.522
2456185.619	4.041
2456186.594	4.199
2456187.302	4.164
2456187.546	3.895
2456188.513	3.476
2456189.564	3.758
2456191.272	4.148
2456191.545	4.142
2456192.292	4.249
2456193.602	3.433
2456194.265	3.599
2456194.55	3.699
2456195.58	3.937
2456196.558	4.089
2456199.286	3.495
2456199.402	3.494
2456203.381	4.093
2456204.324	3.425
2456206.263	3.959
2456209.267	3.656
2456220.255	3.44
2456220.258	3.455
2456223.267	4.044
2456226.309	3.535
2456228.413	4
2456231.454	3.462
2456232.478	3.787
2456234.215	4.106
2456236.08	3.687
2456237.028	3.571
2456237.308	3.644
2456238.263	3.861
2456241.208	3.871
2456247.194	3.387
2456248.31	3.714
2456248.489	3.681
2456250.345	4.156
2456265.264	3.92
2456268.321	3.633
2456275.191	3.698
2456276.231	3.902
2456283.587	4.123
2456284.539	3.494
2456290.327	3.42
2456291.349	3.711
2456292.256	3.961
2456304.202	4.107
2456304.225	4.176
2456305.26	4.15
2456428.793	4.015
2456431.807	3.932
2456436.77	3.807
2456438.698	4.145
2456446.761	3.631
2456451.425	3.542
2456451.744	3.551
2456457.762	3.722
2456460.793	4.162
2456462.764	3.65
2456463.751	3.863
2456476.729	4.204
2456480.756	4.02
2456487.7	4.147
2456488.628	3.405
2456492.761	4.201
2456493.684	3.671
2456497.634	4.116
2456498.636	4
2456506.631	3.827
2456507.846	4.122
2456508.697	4.155
2456509.639	3.762
2456511.61	3.716
2456512.642	3.975
2456515.65	3.424
2456520.624	3.547
2456521.644	3.583
2456528.581	3.916
2456529.578	4.095
2456539.575	3.95
2456541.588	3.967
2456542.745	3.513
2456543.026	3.586
2456545.566	4.061
2456567.57	4.147
2456574.54	3.435
2456585.56	3.463
2456593.538	4.038
2456610.519	4.167
2456633.484	3.425
2456642.475	4.143
2456655.499	3.507
2456656.347	3.585
2456664.199	4.17
2456668.225	3.936
2456670.24	4.058
2456671.216	3.351
2456671.488	3.487
2456698.695	3.49
2456698.697	3.458
2456701.7	4.098
2456712.631	4.103
2456712.633	4.094
2456724.665	3.427
2456725.942	3.682
2456726.663	3.787
2456728.626	4.149
2456730.626	3.393
2456730.628	3.397
2456731.62	3.722
2456737.646	3.892
2456737.65	3.857
2456742.956	3.861
2456745.634	3.86
2456746.636	3.381
2456746.903	3.547
2456750.593	4.089
2456753.874	3.89
2456754.619	4.026
2456764.6	3.867
2456765.576	4.052
2456766.886	4.079
2456773.837	3.555
2456777.528	4.047
2456779.539	3.584
2456781.837	4.128
2456786.469	3.935
2456796.572	3.848
2456799.634	3.584
2456801.808	3.849
2456806.847	3.793
2456807.858	3.99
2456808.557	4.075
2456808.559	4.047
2456814.408	4.162
2456815.479	3.812
2456815.484	3.793
2456816.528	3.457
2456817.416	3.669
2456818.403	3.906
2456819.837	4.166
2456824.391	4.021
2456826.827	3.401
2456831.372	3.929
2456833.398	3.642
2456834.402	3.871
2456836.364	4.117
2456837.398	3.41
2456842.387	3.726
2456842.87	3.479
2456843.797	3.599
2456845.377	3.931
2456848.375	3.414
2456851.369	4.062
2456856.377	3.985
2456857.37	4.155
2456862.357	4.102
2456863.37	4.091
2456864.354	3.35
2456865.345	3.597
2456868.405	4.148
2456871.36	3.76
2456872.632	4.057
2456874.36	3.922
2456878.342	4.052
2456880.327	3.353
2456884.793	4.206
2456886.679	3.623
2456887.317	3.73
2456887.654	3.857
2456888.309	3.948
2456889.674	4.149
2456890.68	3.715
2456892.655	3.784
2456893.661	3.969
2456894.656	4.13
2456897.635	3.656
2456898.642	3.925
2456899.367	4.021
2456900.766	4.18
2456901.584	3.581
2456902.59	3.598
2456906.316	4.086
2456908.616	3.691
2456917.558	3.657
2456918.296	3.422
2456923.57	3.424
2456924.266	3.575
2456924.571	3.708
2456927.586	4.174
2456928.304	3.674
2456929.565	3.613
2456930.288	3.793
2456934.266	3.39
2456936.305	3.877
2456937.285	4.093
2456937.544	4.122
2456940.322	3.544
2456941.26	3.835
2456944.288	3.767
2456948.295	4.119
2456950.263	3.37
2456952.546	3.93
2456953.555	4.115
2456956.538	3.642
2456958.334	4
2456964.221	4.056
2456966.537	3.448
2456998.59	3.421
2457001.238	3.988
2457003.479	3.683
2457018.255	4.126
2457020.475	3.519
2457022.263	3.893
2457081.945	4.02
2457087.936	4.134
2457090.947	3.716
2457093.96	4.236
2457096.944	3.823
2457116.909	3.472
2457138.858	3.595
2457139.868	3.866
2457160.872	3.777
2457184.797	4.169
2457193.716	3.871
2457195.72	4.173
2457201.783	3.927
2457205.755	4.1
2457211.771	4.143
2457214.647	3.821
2457216.647	4.128
2457221.683	4.113
2457222.694	4.222
2457223.769	3.459
2457225.671	3.865
2457227.74	4.197
2457228.693	3.875
2457229.682	3.536
2457233.702	4.117
2457234.765	3.441
2457235.754	3.7
2457250.741	3.481
2457254.377	4.196
2457255.445	3.927
2457255.599	3.757
2457256.703	3.563
2457257.602	3.829
2457258.601	4.032
2457260.356	4.212
2457261.335	3.436
2457261.419	3.414
2457262.355	3.625
2457262.407	3.66
2457263.353	3.922
2457271.331	4.023
2457276.594	4.11
2457278.575	3.682
2457279.591	3.916
2457280.573	4.164
2457285.634	4.011
2457287.324	4.237
2457288.343	3.511
2457289.381	3.772
2457289.66	3.855
2457296.556	4.056
2457297.556	4.19
2457305.54	3.71
2457307.556	4.117
2457312.536	4.044
2457313.532	4.184
2457314.547	3.807
2457321.526	3.691
2457328.535	4.004
2457330.525	3.903
2457331.507	3.449
2457334.526	4.081
2457335.515	4.144
2457336.514	3.405
2457355.485	3.999
2457361.657	4.161
2457363.513	3.359
2457365.523	3.841
2457382.499	3.998
2457388.487	4.131
2457390.493	3.418
2457398.499	4.051
2457406.5	3.408
2457438.64	3.445
2457451.931	4.008
2457476.887	3.609
2457493.827	3.851
2457494.843	3.99
2457495.867	4.181
2457511.802	4.151
2457524.771	3.515
2457526.783	3.976
2457527.776	4.134
2457528.871	4.093
2457531.779	3.935
2457538.775	4.178
2457541.8	3.778
2457542.795	3.998
2457556.756	3.49
2457557.778	3.764
2457560.754	4.231
2457564.726	4.084
2457569.714	3.98
2457573.692	3.726
2457577.654	3.69
2457578.882	3.551
2457579.691	3.867
2457579.875	3.815
2457580.863	4.011
2457581.859	4.147
2457582.855	3.764
2457583.867	3.347
2457585.86	3.976
2457586.628	4.12
2457588.849	3.337
2457595.719	3.858
2457596.643	4.029
2457600.669	3.746
2457601.655	3.957
2457602.685	4.165
2457604.634	3.59
2457606.651	3.918
2457607.662	4.059
2457608.693	4.213
2457609.613	3.966
2457610.617	3.579
2457611.62	3.843
2457614.666	4.142
2457621.617	3.611
2457622.596	3.842
2457623.719	4.021
2457632.598	3.688
2457633.7	3.939
2457634.625	4.075
2457635.627	4.213
2457637.592	3.54
2457640.62	4.154
2457642.626	3.453
2457643.631	3.711
2457647.606	3.514
2457649.601	3.87
2457650.604	4.036
2457657.629	4.08
2457658.612	3.446
2457659.611	3.706
2457662.616	4.23
2457663.617	3.629
2457664.622	3.648
2457668.623	3.925
2457669.613	3.487
2457671.556	3.973
2457673.554	4.214
2457680.534	3.602
2457684.566	4.03
2457686.538	3.722
2457690.652	3.464
2457696.604	3.535
2457697.507	3.828
2457699.523	4.192
2457712.767	3.579
2457712.767	3.523
2457712.767	3.59
2457712.767	3.568
2457712.768	3.602
2457712.768	3.667
2457714.505	3.946
2457719.509	3.93
2457727.348	4.126
2457727.348	4.125
2457729.47	3.761
2457732.466	4.227
2457736.499	4.04
2457742.468	4.192
2457745.479	3.749
2457754.477	3.94
2457758.493	4.147
2457761.487	3.671
2457768.499	4.04
2457786.505	4.05
2457807.948	4.157
2457811.96	4.097
2457815.935	3.926
2457815.974	3.843
2457820.969	3.768
2457823.936	4.094
2457824.938	3.44
2457828.947	4.179
2457850.911	4.072
2457855.907	4.261
2457860.901	4.245
2457866.889	4.181
2457876.878	4.274
2457880.887	4.064
2457881.862	4.154
2457902.761	4.076
2457905.755	3.572
2457906.79	3.875
2457907.774	4.047
2457909.778	4.195
2457910.767	3.53
2457911.776	3.764
2457912.762	3.979
2457916.815	3.735
2457923.783	4.063
2457925.744	4.294
2457928.716	3.951
2457929.717	4.092
2457931.719	3.839
2457934.71	4.036
2457935.709	4.246
2457936.702	4.171
2457939.711	3.974
2457942.724	3.582
2457943.671	3.62
2457949.681	3.823
2457951.68	4.173
2457951.814	4.162
2457959.663	3.642
2457963.66	4.091
2457964.648	3.521
2457964.783	3.479
2457967.639	4.172
2457973.716	4.22
2457978.603	4.163
2457978.63	4.232
2457992.645	3.829
2457997.641	3.721
2457998.583	3.981
2458000.551	4.3808
2458005.655	4.173
2458006.576	4.02
2458006.651	3.986
2458007.572	3.47
2458010.629	4.111
2458011.616	4.17
2458019.571	3.789
2458025.556	3.929
2458026.548	4.099
2458026.593	4.124
2458027.563	4.199
2458031.524	4.054
2458035.515	3.868
2458035.546	3.769
2458043.539	4.219
2458043.563	4.209
2458044.656	3.544
2458045.641	3.594
2458046.554	3.829
2458046.574	3.843
2458052.541	3.956
2458065.489	4.098
2458065.553	4.048
2458067.516	3.726
2458067.546	3.698
2458077.5	3.461
2458077.5	3.517
2458079.539	3.967
2458083.473	3.703
2458086.572	4.208
2458088.474	3.574
2458090.591	4.02
2458093.474	3.466
2458097.547	4.148
2458102.466	4.18
2458107.465	4.153
2458111.482	3.919
2458114.474	3.481
2458119.481	3.793
2458122.321	3.903
2458123.481	4.098
2458124.479	4.049
2458132.484	3.787
2458133.31	3.964
2458135.486	3.855
2458136.287	3.357
2458137.506	3.692
2458138.211	3.884
2458143.213	3.777
2458144.237	3.935
2458146.491	3.596
2458148.216	3.696
2458149.238	3.933
2458150.242	4.101
2458151.501	3.909
2458154.225	3.905
2458162.568	3.545
2458164.682	3.749
2458168.674	3.4
2458186.254	3.828
2458187.958	4.18
2458188.674	4.068
2458192.931	4.029
2458195.943	3.618
2458198.654	4.083
2458199.922	3.86
2458200.915	3.466
2458210.897	3.653
2458211.623	3.378
2458214.598	4.063
2458215.891	3.998
2458216.892	3.505
2458218.88	3.94
2458226.546	3.969
2458228.857	3.768
2458229.579	3.856
2458233.588	3.545
2458234.858	3.953
2458237.905	3.509
2458238.902	3.634
2458245.59	3.879
2458252.399	4.049
2458254.856	3.598
2458255.895	3.823
2458258.46	4.096
2458260.557	3.585
2458263.803	4.169
2458265.797	3.635
2458269.55	3.933
2458271.793	3.792
2458275.373	3.548
2458275.776	3.455
2458288.46	3.848
2458289.395	3.972
2458297.697	3.499
2458299.703	3.975
2458301.384	4.117
2458301.718	3.996
2458302.394	3.346
2458302.725	3.479
2458303.762	3.734
2458305.702	4.098
2458306.688	4.176
2458307.712	3.474
2458308.688	3.656
2458311.395	4.127
2458312.378	3.997
2458316.672	4.147
2458317.696	4.115
2458319.36	3.512
2458322.661	4.226
2458323.403	3.772
2458324.792	3.622
2458327.447	4.127
2458327.649	4.147
2458334.409	3.509
2458334.412	3.508
2458337.67	4.067
2458340.354	3.365
2458340.356	3.419
2458341.649	3.861
2458343.648	4.204
2458346.362	3.61
2458348.324	3.998
2458354.327	4.107
2458354.329	4.138
2458357.31	3.662
2458361.596	3.495
2458366.575	3.644
2458367.291	3.395
2458367.293	3.418
2458370.628	4.138
2458371.703	3.802
2458372.767	3.532
2458373.741	3.778
2458374.6	3.943
2458375.585	4.134
2458376.58	4.137
2458379.34	3.814
2458381.275	4.122
2458384.694	3.856
2458385.591	3.994
2458386.301	4.104
2458387.305	4.123
2458388.591	3.412
2458390.627	3.943
2458391.293	4.052
2458392.248	4.154
2458396.298	3.991
2458396.3	3.975
2458397.242	4.116
2458400.408	3.706
2458401.318	3.933
2458402.324	4.091
2458403.253	4.159
2458404.653	3.446
2458405.227	3.549
2458405.229	3.515
2458406.306	3.851
2458408.243	4.155
2458408.245	4.148
2458409.537	3.56
2458410.233	3.458
2458413.626	4.165
2458414.526	3.902
2458416.247	3.64
2458418.255	4.082
2458422.416	3.84
2458425.447	3.662
2458425.682	3.515
2458427.255	3.752
2458429.318	4.126
2458434.246	4.043
2458439.209	3.968
2458439.343	4.009
2458451.223	4.161
2458452.232	3.723
2458457.329	3.974
2458458.216	3.358
2458459.474	3.749
2458462.353	4.095
2458462.476	4.124
2458467.519	4.153
2458470.468	3.785
2458471.193	3.925
2458479.219	3.576
2458479.222	3.569
2458484.217	3.936
2458485.194	3.406
2458488.477	4.118
2458493.535	4.083
2458501.212	3.361
2458502.234	3.67
2458504.516	4.107
2458512.265	3.455
2458513.242	3.712
2458514.497	3.971
2458519.65	3.9
2458519.652	3.938
2458520.251	4.026
2458521.228	4.16
2458523.222	3.5
2458523.508	3.618
2458529.241	3.682
2458530.537	3.903
2458531.673	4.104
2458535.246	3.835
2458538.643	3.324
2458539.96	3.804
2458542.251	4.126
2458542.645	4.125
2458554.927	3.449
2458563.6	4.082
2458563.602	4.121
2458571.599	3.554
2458573.903	4.069
2458574.633	4.098
2458576.924	3.618
2458582.591	3.636
2458582.88	3.75
2458586.899	3.406
2458593.535	3.649
2458593.882	3.838
2458595.524	4.036
2458597.859	3.496
2458598.852	3.775
2458601.522	4.125
2458604.395	3.783
2458607.876	3.765
2458610.594	3.882
2458614.575	3.515
2458617.821	4.162
2458622.516	4.063
2458624.503	3.309
2458627.76	4.19
2458628.484	4.079
2458631.396	3.692
2458632.42	4.009
2458637.796	4.023
2458638.383	4.023
2458639.425	4.094
2458642.404	3.788
2458642.776	3.975
2458644.4	4.133
2458645.785	3.44
2458646.555	3.514
2458655.751	4.107
2458659.404	3.898
2458660.361	4.045
2458660.722	4.088
2458662.361	3.346
2458664.359	3.923
2458664.739	4.001
2458669.363	3.814
2458672.705	3.441
2458675.687	4.068
2458676.694	4.183
2458679.368	3.657
2458680.44	3.917
2458687.701	4.166
2458688.367	3.696
2458688.682	3.489
2458689.401	3.449
2458690.363	3.726
2458690.756	3.861
2458691.453	4.002
2458694.685	3.514
2458695.677	3.786
2458696.657	3.967
2458697.673	4.153
2458699.45	3.445
2458702.732	4.041
2458704.408	3.781
2458704.725	3.485
2458707.326	3.928
2458710.58	3.414
2458712.655	4.002
2458716.634	3.629
2458720.609	3.71
2458723.304	3.905
2458724.592	4.154
2458725.608	4.029
2458726.578	3.432
2458727.316	3.575
2458728.575	3.933
2458730.331	4.181
2458731.32	3.68
2458737.306	3.366
2458739.307	3.906
2458740.628	4.127
2458741.325	4.18
2458742.29	3.491
2458745.284	3.986
2458747.306	3.84
2458747.581	3.571
2458748.293	3.459
2458749.668	3.877
2458753.555	3.45
2458756.273	4.057
2458757.263	4.2
2458757.585	4.148
2458763.645	3.614
2458764.287	3.457
2458764.659	3.575
2458767.258	4.139
2458773.261	4.2
2458774.231	3.72
2458775.24	3.538
2458777.256	4.003
2458778.237	4.162
2458781.228	3.681
2458782.229	3.929
2458782.515	3.964
2458786.503	3.668
2458787.371	3.855
2458792.412	3.725
2458795.484	3.942
2458800.539	4.128
2458802.41	3.571
2458806.2	3.956
2458810.478	4.171
2458811.284	4.082
2458818.273	3.501
2458820.47	4.012
2458828.484	3.442
2458829.261	3.569
2458836.205	3.955
2458847.296	3.969
2458850.318	3.436
2458854.263	4.061
2458861.211	3.452
2458865.499	3.694
2458869.231	4.046
2458869.719	4.138
2458885.336	4.08
2458887.333	3.319
2458887.335	3.383
2458908.249	3.857
2458910.953	3.851
2458913.662	3.803
2458915.968	3.813
2458920.665	3.625
2458921.942	3.956
2458927.621	4.001
2458929.936	3.645
2458937.624	3.846
2458937.626	3.836
2458941.636	3.499
2458941.638	3.494
2458941.886	3.625
2458942.634	3.768
2458946.626	3.342
2458947.573	3.673
2458947.575	3.64
2458948.881	4.007
2458949.888	4.095
2458953.853	3.892
2458955.864	4.171
2458957.851	3.551
2458959.878	3.991
2458960.441	4.132
2458965.457	4.066
2458970.831	4.016
2458972.49	4.018
2458972.829	3.669
2458974.505	3.718
2458976.849	4.156
2458978.837	3.429
2458981.816	4.074
2458984.415	3.473
2458986.351	3.897
2458986.353	3.911
2458987.39	4.079
2458990.462	3.662
2458999.403	3.929
2459000.745	3.606
2459001.766	3.805
2459002.414	3.923
2459006.745	3.707
2459011.399	3.493
2459011.4	3.514
2459011.725	3.623
2459012.453	3.768
2459012.74	3.858
2459014.379	4.116
2459014.722	4.171
2459015.685	3.772
2459017.729	3.773
2459018.713	3.962
2459023.454	3.843
2459024.388	3.992
2459027.385	3.439
2459030.435	4.113
2459034.448	3.857
2459035.679	4.149
2459040.433	3.999
2459041.656	4.167
2459044.438	3.715
2459044.645	3.831
2459047.661	3.965
2459050.656	3.965
2459051.407	4.058
2459053.634	3.471
2459061.396	3.911
2459063.387	4.113
2459063.389	4.128
2459063.4	4.137
2459067.436	4.07
2459068.361	4.173
2459068.407	4.16
2459069.365	3.6
2459069.379	3.723
2459072.38	3.959
2459073.399	4.107
2459073.624	4.199
2459074.418	4.012
2459075.619	3.558
2459076.607	3.781
2459080.586	3.464
2459081.37	3.617
2459081.653	3.667
2459082.35	3.801
2459082.404	3.87
2459083.347	4.014
2459086.583	3.507
2459088.355	3.942
2459091.594	3.471
2459095.334	4.21
2459095.617	4.14
2459096.317	3.684
2459100.324	4.43
2459100.326	4.18
2459100.611	4.12
2459102.321	3.511
2459103.366	3.7
2459104.366	3.99
2459105.321	4.098
2459105.323	4.15
2459106.367	4.17
2459107.278	3.438
2459107.317	3.39
2459109.335	3.86
2459110.31	3.98
2459111.289	4.173
2459111.324	4.23
2459112.433	3.53
2459112.572	3.51
2459113.299	3.29
2459115.295	4.01
2459115.418	4.019
2459120.304	3.926
2459124.334	3.59
2459127.263	4.197
2459127.537	4.243
2459133.596	3.896
2459145.237	3.432
2459145.239	3.429
2459148.284	4.09
2459148.286	4.092
2459150.507	3.437
2459158.4	4.01
2459159.251	4.114
2459160.201	4.071
2459160.274	3.59
2459160.324	3.978
2459161.226	3.363
2459161.323	3.44
2459161.445	3.26
2459161.485	3.543
2459162.247	3.41
2459163.277	3.51
2459168.287	3.47
2459168.646	3.916
2459168.648	3.904
2459172.265	3.21
2459174.274	3.66
2459177.317	3.21
2459183.346	3.57
2459184.201	3.756
2459185.513	4.064
2459191.349	4.117
2459192.323	3.89
2459197.29	3.79
2459201.229	3.952
2459201.23	3.97
2459201.231	3.945
2459202.278	4
2459202.325	4.165
2459204.227	3.35
2459209.244	3.23
2459215.203	3.44
2459216.209	3.731
2459223.235	4.041
2459225.277	3.409
2459226.254	3.554
2459240.231	4.159
2459258.664	3.598
2459258.666	3.607
2459259.688	3.819
2459268.246	3.399
2459270.68	3.966
2459293.925	4.137
2459317.901	3.689
2459325.427	4.107
2459330.473	4.051
2459346.876	4.105
2459347.864	4.141
2459348.869	3.461
2459357.772	4.087
2459363.48	4.178
2459363.76	4.193
2459364.754	3.546
2459366.427	3.743
2459366.759	3.836
2459368.767	4.174
2459370.769	3.509
2459371.739	3.711
2459372.47	3.451
2459375.447	3.552
2459375.761	3.429
2459376.733	3.634
2459378.765	4.128
2459380.743	3.641
2459381.718	3.541
2459382.741	3.785
2459385.975	3.9215
2459385.975	4.0148
2459385.975	3.9528
2459385.975	3.9567
2459385.976	3.9858
2459385.976	3.9063
2459385.976	3.9375
2459385.976	3.9289
2459385.976	3.9225
2459385.976	3.8926
2459385.976	3.9602
2459385.976	3.9184
2459385.976	3.8823
2459385.976	3.9759
2459385.976	3.7991
2459385.977	3.8791
2459385.977	3.874
2459385.977	3.9244
2459385.977	3.9267
2459385.977	3.9016
2459385.977	4.0019
2459385.977	3.9705
2459385.977	3.879
2459385.977	3.8269
2459397.704	3.55
2459398.684	3.793
2459399.727	3.998
2459404.732	3.916
2459413.703	3.498
2459420.929	4.1686
2459420.929	4.5796
2459420.929	3.704
2459420.93	3.9757
2459420.93	3.9731
2459420.93	3.7611
2459420.93	4.131
2459420.93	4.5082
2459420.93	4.4956
2459420.93	3.7846
2459420.931	3.9303
2459420.931	4.1544
2459420.931	3.9702
2459420.931	3.8055
2459420.931	3.8623
2459420.931	3.7485
2459420.932	3.7664
2459420.932	4.2017
2459420.932	3.9892
2459420.932	3.9866
2459421.867	3.6792
2459421.868	4.4235
2459421.868	3.7838
2459421.868	4.441
2459421.868	4.1362
2459421.868	4.1481
2459421.868	3.9708
2459421.868	4.6094
2459421.868	4.4357
2459421.869	3.9727
2459421.869	4.321
2459421.869	4.2563
2459421.869	4.3739
2459421.869	4.2846
2459421.869	3.7027
2459421.869	4.1526
2459421.869	3.8551
2459421.869	4.3622
2459421.87	3.8504
2459421.87	3.8307
2459421.87	3.436
2459421.87	4.0916
2459422.942	4.6106
2459422.942	4.3455
2459422.942	4.7036
2459422.942	4.1303
2459422.942	4.1744
2459422.942	4.515
2459422.944	4.4256
2459422.944	4.0744
2459422.944	4.6436
2459422.944	4.3494
2459422.944	4.3605
2459423.941	3.8166
2459423.942	3.898
2459423.942	3.8603
2459423.942	3.8224
2459423.942	3.9158
2459423.942	3.9316
2459423.942	3.9356
2459423.942	3.2746
2459423.942	4.2691
2459423.943	3.4675
2459423.943	3.2676
2459423.943	4.0143
2459423.943	3.9191
2459423.943	4.016
2459423.943	3.502
2459423.944	3.7678
2459423.944	3.8809
2459423.944	3.4604
2459424.475	3.464
2459424.905	4.017
2459424.905	4.1185
2459424.906	4.0198
2459424.906	4.0392
2459424.906	4.0888
2459424.906	4.0517
2459424.906	4.014
2459424.906	4.048
2459424.906	4.1185
2459424.906	4.0677
2459424.906	4.0837
2459424.906	4.1308
2459424.907	4.0603
2459424.907	4.1019
2459424.907	4.096
2459424.907	3.9976
2459424.907	4.0728
2459424.907	4.1276
2459424.907	4.1601
2459424.907	4.0897
2459424.907	4.07
2459424.907	4.0751
2459424.908	4.1318
2459424.908	4.0669
2459424.908	4.1611
2459426.73	3.6073
2459426.73	4.1891
2459426.73	3.5641
2459426.73	4.0614
2459426.73	4.3088
2459426.731	3.5731
2459426.731	3.9246
2459426.731	4.0508
2459426.731	4.102
2459426.731	3.8105
2459426.731	3.8194
2459426.731	3.8589
2459426.731	3.9275
2459426.731	4.0984
2459426.732	3.9866
2459426.732	3.9649
2459426.732	4.0635
2459426.732	3.974
2459426.732	3.9924
2459426.732	3.9998
2459426.732	4.0892
2459426.748	4.002
2459427.96	4.4122
2459427.96	4.4283
2459427.96	4.4849
2459427.96	4.4078
2459427.96	4.4743
2459427.96	4.3868
2459427.96	4.4674
2459427.96	4.4967
2459427.96	4.4499
2459427.961	4.4438
2459427.961	4.4739
2459427.961	4.4581
2459427.961	4.4039
2459427.961	4.4769
2459427.961	4.3845
2459427.961	4.4197
2459427.961	4.3013
2459427.961	4.3527
2459427.962	4.4292
2459427.962	4.447
2459427.962	4.4036
2459427.962	4.469
2459427.962	4.4594
2459427.962	4.3866
2459427.962	4.4388
2459428.621	4.069
2459428.732	4.0513
2459428.732	4.0372
2459428.732	4.1023
2459428.733	4.1845
2459428.733	4.1122
2459428.733	4.1685
2459428.733	4.1116
2459428.733	4.0937
2459428.733	4.0689
2459428.733	4.1014
2459428.733	4.2183
2459428.733	4.0966
2459428.733	4.1903
2459428.734	4.0548
2459428.734	4.2192
2459428.734	4.1632
2459428.734	4.1243
2459428.734	4.1736
2459428.734	4.1397
2459428.734	4.1698
2459428.734	4.202
2459428.734	4.1548
2459428.735	4.1472
2459428.735	4.1337
2459428.735	4.0917
2459430.948	4.0354
2459430.948	4.0238
2459430.948	4.227
2459430.948	3.9537
2459430.948	4.0828
2459430.948	4.0777
2459430.948	4.1179
2459430.949	4.062
2459430.949	4.0711
2459430.949	4.0992
2459430.949	4.0885
2459430.949	4.0427
2459430.949	3.9923
2459430.949	4.0236
2459430.949	4.1217
2459430.949	4.0629
2459430.949	3.9709
2459430.95	3.9783
2459430.95	3.9958
2459430.95	4.1627
2459430.95	3.9608
2459430.95	4.0491
2459430.95	4.0572
2459430.95	4.0415
2459430.95	4.0363
2459431.723	4.1089
2459431.723	4.1384
2459431.723	4.1741
2459431.723	4.115
2459431.723	4.1616
2459431.723	4.1071
2459431.723	4.1475
2459431.724	4.2358
2459431.724	4.2115
2459431.724	4.1892
2459431.724	4.2207
2459431.724	4.2526
2459431.724	4.1641
2459431.724	4.2419
2459431.724	4.113
2459431.724	4.2225
2459431.725	4.2252
2459431.725	4.2148
2459431.725	4.1441
2459431.725	4.1278
2459431.725	4.1985
2459431.725	4.1932
2459431.725	4.1833
2459431.725	4.2072
2459431.725	4.2372
2459432.018	4.2709
2459432.018	4.3151
2459432.018	4.2358
2459432.018	4.3347
2459432.018	4.2619
2459432.018	4.3299
2459432.018	4.2385
2459432.018	4.2966
2459432.018	4.2966
2459432.019	4.2334
2459432.019	4.2445
2459432.019	4.3413
2459432.019	4.2509
2459432.019	4.265
2459432.019	4.3261
2459432.019	4.2069
2459432.019	4.2785
2459432.019	4.2101
2459432.019	4.2288
2459432.02	4.2901
2459432.02	4.2781
2459432.02	4.2663
2459432.02	4.2661
2459432.02	4.2312
2459432.02	4.2985
2459432.994	4.3578
2459432.994	4.3875
2459432.994	4.4112
2459432.994	4.319
2459432.994	4.4109
2459432.995	4.3389
2459432.995	4.3525
2459432.995	4.3643
2459432.995	4.3981
2459432.995	4.4023
2459432.995	4.385
2459432.995	4.2871
2459432.995	4.3775
2459432.995	4.3727
2459432.996	4.4553
2459432.996	4.3918
2459432.996	4.3789
2459432.996	4.3888
2459432.996	4.3081
2459432.996	4.3772
2459432.996	4.4105
2459432.996	4.3922
2459432.996	4.4028
2459432.997	4.4051
2459432.997	4.3564
2459433.995	4.2104
2459433.995	4.1829
2459433.995	4.2384
2459433.996	4.2008
2459433.996	4.1496
2459433.996	4.1858
2459433.996	4.1903
2459433.996	4.2121
2459433.996	4.2125
2459433.996	4.1839
2459433.997	4.3255
2459433.997	4.1918
2459433.997	4.1929
2459433.997	4.2386
2459433.997	4.258
2459433.997	4.2673
2459433.997	4.2162
2459433.998	4.3071
2459433.998	4.1925
2459433.998	4.2513
2459433.998	4.2011
2459433.998	4.246
2459433.998	4.1961
2459433.998	4.1782
2459433.999	4.2434
2459434.893	3.5302
2459434.893	3.5169
2459434.893	3.5013
2459434.893	3.4858
2459434.894	3.4796
2459434.894	3.5357
2459434.894	3.5268
2459434.894	3.5862
2459434.894	3.5261
2459434.894	3.4751
2459434.894	3.5379
2459434.894	3.546
2459434.894	3.546
2459434.895	3.581
2459434.895	3.5505
2459434.895	3.5318
2459434.895	3.497
2459434.895	3.5519
2459434.895	3.5302
2459434.895	3.562
2459434.895	3.5129
2459434.895	3.5601
2459434.895	3.5619
2459434.896	3.5384
2459434.896	3.5068
2459435.01	3.5285
2459435.01	3.5099
2459435.01	3.5573
2459435.01	3.5298
2459435.01	3.555
2459435.011	3.5539
2459435.011	3.5763
2459435.011	3.5619
2459435.011	3.515
2459435.011	3.5544
2459435.011	3.459
2459435.011	3.5234
2459435.011	3.5526
2459435.012	3.5289
2459435.012	3.5444
2459435.012	3.5507
2459435.012	3.5192
2459435.012	3.5878
2459435.012	3.5843
2459435.012	3.5575
2459435.013	3.5435
2459435.013	3.5824
2459435.013	3.58
2459435.013	3.5423
2459435.013	3.5466
2459435.912	3.8244
2459435.913	3.8162
2459435.913	3.8761
2459435.913	3.8233
2459435.913	3.8029
2459435.913	3.8544
2459435.913	3.9119
2459435.913	3.8527
2459435.913	3.8612
2459435.913	3.8362
2459435.913	3.8311
2459435.914	3.8859
2459435.914	3.8366
2459435.914	3.8287
2459435.914	3.796
2459435.914	3.8746
2459435.914	3.8086
2459435.914	3.8059
2459435.914	3.7861
2459435.914	3.8121
2459435.914	3.8644
2459435.915	3.8575
2459435.915	3.8306
2459435.915	3.8084
2459435.915	3.7423
2459435.981	3.8128
2459435.981	3.8233
2459435.981	3.8527
2459435.981	3.8584
2459435.982	3.8008
2459435.982	3.874
2459435.982	3.8435
2459435.982	3.8451
2459435.982	3.8666
2459435.982	3.8204
2459435.982	3.8226
2459435.982	3.834
2459435.982	3.8461
2459435.982	3.8663
2459435.983	3.8378
2459435.983	3.8374
2459435.983	3.8804
2459435.983	3.8392
2459435.983	3.86
2459435.983	3.818
2459435.983	3.7814
2459435.983	3.8797
2459435.983	3.8339
2459435.984	3.8692
2459435.984	3.85
2459435.988	3.8168
2459435.988	3.8286
2459435.988	3.8807
2459435.988	3.8866
2459435.988	3.8669
2459435.988	3.8621
2459435.989	3.8278
2459435.989	3.8604
2459435.989	3.8685
2459435.989	3.8499
2459435.989	3.8673
2459435.989	3.8482
2459435.989	3.8621
2459435.989	3.8265
2459435.989	3.8433
2459435.989	3.8447
2459435.99	3.8458
2459435.99	3.8686
2459435.99	3.8236
2459435.99	3.8757
2459435.99	3.8527
2459435.99	3.879
2459435.99	3.9203
2459435.99	3.8651
2459435.99	3.8578
2459435.996	3.7611
2459435.996	3.8562
2459435.996	3.8591
2459435.996	3.8408
2459435.996	3.8875
2459435.996	3.8451
2459435.996	3.871
2459435.996	3.8869
2459435.996	3.8369
2459435.996	3.853
2459435.997	3.8895
2459435.997	3.8627
2459435.997	3.8719
2459435.997	3.8959
2459435.997	3.8755
2459435.997	3.8291
2459435.997	3.8573
2459435.997	3.8887
2459435.997	3.8349
2459435.997	3.837
2459435.998	3.8762
2459435.998	3.8853
2459435.998	3.9181
2459435.998	3.8952
2459435.998	3.8941
2459436.846	3.9597
2459436.846	4.0615
2459436.846	4.0115
2459436.846	4.0389
2459436.846	4.001
2459436.846	4.0493
2459436.846	4.0551
2459436.846	4.0312
2459436.847	3.9894
2459436.847	4.0692
2459436.847	4.0644
2459436.847	4.0449
2459436.847	3.9783
2459436.847	4.0251
2459436.847	4.022
2459436.847	4.0385
2459436.847	4.0472
2459436.847	4.0616
2459436.848	4.0522
2459436.848	4.0374
2459436.848	4.0431
2459436.848	4.0495
2459436.848	4.0288
2459436.848	4.0628
2459436.848	3.9829
2459437.005	4.0462
2459437.005	4.1311
2459437.005	4.1523
2459437.006	4.1005
2459437.006	4.0944
2459437.006	4.1171
2459437.006	4.1202
2459437.006	4.1624
2459437.006	4.073
2459437.006	4.0337
2459437.006	4.0393
2459437.007	4.0838
2459437.007	4.1208
2459437.007	4.1281
2459437.007	4.1346
2459437.007	4.1893
2459437.007	4.086
2459437.007	4.0556
2459437.007	4.119
2459437.008	4.1498
2459437.008	4.1427
2459437.008	4.0942
2459437.008	4.095
2459437.008	4.1522
2459437.008	4.1879
2459437.735	4.123
2459437.735	4.0997
2459437.736	4.151
2459437.736	4.1928
2459437.736	4.1992
2459437.736	4.1829
2459437.736	4.225
2459437.736	4.1721
2459437.736	4.2358
2459437.736	4.213
2459437.736	4.1869
2459437.736	4.1865
2459437.737	4.1698
2459437.737	4.131
2459437.737	4.1814
2459437.737	4.1587
2459437.737	4.2261
2459437.737	4.1828
2459437.737	4.2191
2459437.737	4.2156
2459437.737	4.2477
2459437.738	4.1753
2459437.738	4.195
2459437.738	4.2575
2459437.738	4.2743
2459437.954	4.2078
2459437.954	4.2295
2459437.954	4.2627
2459437.955	4.234
2459437.955	4.2205
2459437.955	4.3726
2459437.955	4.2178
2459437.955	4.2809
2459437.955	4.2673
2459437.955	4.2953
2459437.955	4.2925
2459437.956	4.246
2459437.956	4.2285
2459437.956	4.3126
2459437.956	4.2703
2459437.956	4.306
2459437.956	4.2557
2459437.956	4.2171
2459437.957	4.255
2459437.957	4.2641
2459437.957	4.2881
2459437.957	4.2241
2459437.957	4.2963
2459437.957	4.1809
2459437.957	4.326
2459437.991	4.2083
2459437.991	4.3298
2459437.991	4.3384
2459437.991	4.2851
2459437.991	4.2873
2459437.991	4.2707
2459437.991	4.2968
2459437.991	4.3249
2459437.991	4.25
2459437.991	4.3632
2459437.992	4.2774
2459437.992	4.3154
2459437.992	4.2852
2459437.992	4.3337
2459437.992	4.275
2459437.992	4.3926
2459437.992	4.2616
2459437.992	4.2669
2459437.992	4.2356
2459437.992	4.3252
2459437.993	4.3544
2459437.993	4.3188
2459437.993	4.289
2459437.993	4.3011
2459437.993	4.2797
2459438.023	4.1894
2459438.023	4.1739
2459438.023	4.3159
2459438.023	4.2674
2459438.023	4.4245
2459438.023	4.3621
2459438.023	4.3522
2459438.023	4.2905
2459438.023	4.3198
2459438.023	4.255
2459438.023	4.3482
2459438.023	4.3049
2459438.024	4.2135
2459438.024	4.149
2459438.024	4.3187
2459438.024	4.2736
2459438.024	4.3832
2459438.024	4.3195
2459438.024	4.4058
2459438.024	4.3401
2459438.024	4.3541
2459438.024	4.3051
2459438.024	4.3584
2459438.024	4.2825
2459438.024	4.454
2459438.024	4.3725
2459438.024	4.2997
2459438.024	4.2511
2459438.024	4.3545
2459438.024	4.3048
2459438.024	4.3307
2459438.024	4.3958
2459438.025	4.3492
2459438.025	4.4098
2459438.025	4.2399
2459438.025	4.2931
2459438.025	4.2367
2459438.025	4.2922
2459438.025	4.2904
2459438.025	4.3348
2459438.025	4.2746
2459438.025	4.3668
2459438.025	4.2794
2459438.025	4.3529
2459438.025	4.3239
2459438.025	4.3867
2459438.025	4.3409
2459438.025	4.4239
2459438.025	4.1842
2459438.025	4.2338
2459439.896	3.5729
2459439.897	3.5656
2459439.897	3.6261
2459439.897	3.5959
2459439.897	3.5541
2459439.897	3.6406
2459439.897	3.6718
2459439.897	3.6135
2459439.897	3.6794
2459439.897	3.6663
2459439.897	3.6142
2459439.898	3.6206
2459439.898	3.6837
2459439.898	3.5779
2459439.898	3.6377
2459439.898	3.6789
2459439.898	3.5877
2459439.898	3.5931
2459439.898	3.6737
2459439.898	3.6076
2459439.898	3.6244
2459439.899	3.66
2459439.899	3.614
2459439.899	3.6457
2459439.899	3.6609
2459439.996	3.5274
2459439.996	3.5755
2459439.996	3.6152
2459439.997	3.6292
2459439.997	3.6341
2459439.997	3.6233
2459439.997	3.6175
2459439.997	3.5651
2459439.997	3.5973
2459439.998	3.5581
2459439.998	3.6469
2459439.998	3.4527
2459439.998	3.6038
2459439.998	3.5786
2459439.998	3.5343
2459439.999	3.5766
2459439.999	3.5205
2459439.999	3.6672
2459439.999	3.5737
2459439.999	3.5476
2459439.999	3.4533
2459439.999	3.5444
2459440	3.5731
2459440	3.633
2459440	3.6223
2459440.906	3.6251
2459440.907	3.6821
2459440.907	3.6774
2459440.907	3.7392
2459440.907	3.7151
2459440.907	3.7033
2459440.907	3.6969
2459440.907	3.7049
2459440.907	3.6645
2459440.907	3.652
2459440.907	3.6971
2459440.908	3.6658
2459440.908	3.6967
2459440.908	3.6097
2459440.908	3.6671
2459440.908	3.6953
2459440.908	3.7032
2459440.908	3.6675
2459440.908	3.6691
2459440.908	3.7079
2459440.908	3.6924
2459440.909	3.6582
2459440.909	3.6558
2459440.909	3.7269
2459440.909	3.7349
2459442.983	4.1394
2459442.983	4.0964
2459442.983	4.145
2459442.983	4.1659
2459442.983	4.0483
2459442.983	4.1208
2459442.984	4.1154
2459442.984	4.1348
2459442.984	4.1535
2459442.984	4.1934
2459442.984	4.1227
2459442.984	4.1014
2459442.984	4.1547
2459442.984	4.1093
2459442.984	4.0631
2459442.984	4.1582
2459442.985	4.1109
2459442.985	4.0989
2459442.985	4.1024
2459442.985	4.106
2459442.985	4.1526
2459442.985	4.2086
2459442.985	4.1624
2459442.985	4.1457
2459442.985	4.1648
2459443.035	4.1941
2459443.035	4.2118
2459443.035	4.1526
2459443.036	4.1959
2459443.036	3.9567
2459443.036	4.3051
2459443.036	4.1135
2459443.036	4.0744
2459443.036	3.8708
2459443.036	4.169
2459443.036	4.2269
2459443.036	4.1989
2459443.036	4.1982
2459443.037	4.1785
2459443.037	4.2398
2459443.037	4.0016
2459443.037	4.0832
2459443.037	4.1817
2459443.037	4.0851
2459443.037	4.087
2459443.037	4.0686
2459443.037	4.09
2459443.037	4.2777
2459443.038	3.9353
2459443.038	3.8782
2459443.679	4.2677
2459443.679	4.2578
2459443.679	4.3849
2459443.679	4.3915
2459443.679	4.077
2459443.679	4.0612
2459443.679	4.296
2459443.679	4.2878
2459443.68	4.2071
2459443.68	4.224
2459443.68	4.1965
2459443.68	4.1935
2459443.68	4.4616
2459443.68	4.4568
2459443.68	4.2387
2459443.68	4.2601
2459443.68	4.2104
2459443.68	4.2096
2459443.68	4.2781
2459443.68	4.2627
2459443.68	4.1981
2459443.68	4.1785
2459443.68	4.2864
2459443.68	4.2938
2459443.68	4.3401
2459443.68	4.3409
2459443.68	4.37
2459443.68	4.3698
2459443.681	4.1234
2459443.681	4.1509
2459443.681	4.2563
2459443.681	4.2436
2459443.681	4.2174
2459443.681	4.2172
2459443.681	4.2194
2459443.681	4.1944
2459443.681	4.3168
2459443.681	4.3285
2459443.681	4.2999
2459443.681	4.2732
2459443.681	4.2298
2459443.681	4.2099
2459443.681	4.219
2459443.681	4.2099
2459443.681	4.2085
2459443.681	4.2371
2459443.681	4.1673
2459443.681	4.1403
2459443.682	4.3454
2459443.682	4.363
2459443.936	4.3265
2459443.936	4.3472
2459443.937	4.3542
2459443.937	4.3667
2459443.937	4.3593
2459443.937	4.3775
2459443.937	4.3082
2459443.937	4.3263
2459443.937	4.4866
2459443.937	4.502
2459443.937	4.3867
2459443.937	4.3891
2459443.937	4.3681
2459443.937	4.3828
2459443.937	4.3402
2459443.937	4.3526
2459443.937	4.3439
2459443.937	4.3516
2459443.938	4.4075
2459443.938	4.4245
2459443.938	4.3135
2459443.938	4.329
2459443.938	4.3634
2459443.938	4.3758
2459443.938	4.3222
2459443.938	4.3241
2459443.938	4.4105
2459443.938	4.4272
2459443.938	4.3096
2459443.938	4.3185
2459443.938	4.3708
2459443.938	4.3852
2459443.938	4.3766
2459443.938	4.3912
2459443.939	4.4648
2459443.939	4.4694
2459443.939	4.3292
2459443.939	4.3508
2459443.939	4.3816
2459443.939	4.3975
2459443.939	4.2984
2459443.939	4.3134
2459443.939	4.416
2459443.939	4.4352
2459443.939	4.4265
2459443.939	4.4399
2459443.939	4.3579
2459443.939	4.3768
2459443.939	4.2155
2459443.939	4.2246
2459443.959	4.2965
2459443.959	4.3007
2459443.959	4.264
2459443.959	4.2768
2459443.96	4.3726
2459443.96	4.3865
2459443.96	4.3886
2459443.96	4.3938
2459443.96	4.3282
2459443.96	4.3366
2459443.96	4.437
2459443.96	4.4477
2459443.96	4.376
2459443.96	4.3883
2459443.96	4.3718
2459443.96	4.3878
2459443.96	4.3297
2459443.96	4.3498
2459443.96	4.406
2459443.96	4.4216
2459443.96	4.4076
2459443.96	4.4313
2459443.96	4.2734
2459443.96	4.2869
2459443.961	4.3682
2459443.961	4.3853
2459443.961	4.3231
2459443.961	4.3387
2459443.961	4.3353
2459443.961	4.3519
2459443.961	4.3428
2459443.961	4.3517
2459443.961	4.3653
2459443.961	4.3823
2459443.961	4.4345
2459443.961	4.4557
2459443.961	4.3551
2459443.961	4.3734
2459443.961	4.4365
2459443.961	4.4614
2459443.961	4.2638
2459443.961	4.2689
2459443.961	4.3735
2459443.961	4.3839
2459443.962	4.2074
2459443.962	4.2224
2459443.962	4.2878
2459443.962	4.2877
2459443.962	4.2786
2459443.962	4.2986
2459443.973	4.2875
2459443.973	4.279
2459443.974	4.2494
2459443.974	4.3402
2459443.974	4.2895
2459443.974	4.3765
2459443.974	4.2453
2459443.974	4.3202
2459443.974	4.4158
2459443.974	4.3521
2459443.974	4.3517
2459443.974	4.3178
2459443.975	4.2941
2459443.975	4.3502
2459443.975	4.3565
2459443.975	4.4048
2459443.975	4.3414
2459443.975	4.3806
2459443.975	4.2945
2459443.975	4.3191
2459443.975	4.315
2459443.975	4.2764
2459443.976	4.2478
2459443.976	4.3548
2459443.976	4.3108
2459444.601	4.086
2459447.964	4.1184
2459447.964	4.1151
2459447.964	4.0905
2459447.964	4.0903
2459447.964	4.094
2459447.964	4.0915
2459447.965	4.0456
2459447.965	4.0381
2459447.965	4.0989
2459447.965	4.094
2459447.965	4.0663
2459447.965	4.0608
2459447.965	4.1164
2459447.965	4.1066
2459447.965	4.1183
2459447.965	4.1125
2459447.965	4.1711
2459447.965	4.1681
2459447.965	4.1837
2459447.965	4.1735
2459447.965	4.1419
2459447.965	4.1363
2459447.965	4.1465
2459447.965	4.1415
2459447.965	4.1411
2459447.965	4.1369
2459447.966	4.054
2459447.966	4.0528
2459447.966	4.1253
2459447.966	4.1221
2459447.966	4.1473
2459447.966	4.1451
2459447.966	4.0541
2459447.966	4.0485
2459447.966	4.0506
2459447.966	4.0458
2459447.966	4.127
2459447.966	4.1205
2459447.966	4.146
2459447.966	4.1406
2459447.966	4.137
2459447.966	4.1368
2459447.966	4.1021
2459447.966	4.103
2459447.966	4.1278
2459447.966	4.1334
2459447.967	4.0615
2459447.967	4.0605
2459447.967	4.1274
2459447.967	4.1315
2459448.026	4.0832
2459448.026	4.0785
2459448.027	4.141
2459448.027	4.1423
2459448.027	4.154
2459448.027	4.155
2459448.027	4.112
2459448.027	4.1136
2459448.027	4.1591
2459448.027	4.1581
2459448.027	4.2055
2459448.027	4.2018
2459448.027	4.1091
2459448.027	4.1026
2459448.027	4.1087
2459448.027	4.101
2459448.027	4.1724
2459448.027	4.1633
2459448.027	4.0966
2459448.027	4.0962
2459448.027	4.1895
2459448.027	4.1888
2459448.027	4.2179
2459448.027	4.2177
2459448.028	4.0926
2459448.028	4.0951
2459448.028	4.1067
2459448.028	4.1004
2459448.028	4.1465
2459448.028	4.1476
2459448.028	4.0789
2459448.028	4.0808
2459448.028	4.1362
2459448.028	4.1345
2459448.028	4.0758
2459448.028	4.0705
2459448.028	4.1483
2459448.028	4.1561
2459448.028	4.2738
2459448.028	4.266
2459448.028	4.0579
2459448.028	4.0446
2459448.028	4.2192
2459448.028	4.2227
2459448.029	4.2422
2459448.029	4.2401
2459448.029	4.1723
2459448.029	4.1783
2459448.029	4.051
2459448.029	4.0564
2459448.784	4.3276
2459448.784	4.3425
2459448.784	4.2997
2459448.784	4.3599
2459448.785	4.301
2459448.785	4.3685
2459448.785	4.3218
2459448.785	4.3529
2459448.785	4.3573
2459448.785	4.2752
2459448.785	4.2223
2459448.785	4.3282
2459448.785	4.3024
2459448.785	4.2725
2459448.786	4.3292
2459448.786	4.3103
2459448.786	4.2771
2459448.786	4.3039
2459448.786	4.2709
2459448.786	4.281
2459448.786	4.2683
2459448.786	4.32
2459448.786	4.3213
2459448.787	4.304
2459448.787	4.2905
2459448.995	4.3415
2459448.995	4.328
2459448.995	4.3884
2459448.995	4.352
2459448.995	4.3615
2459448.995	4.3194
2459448.995	4.3741
2459448.996	4.4071
2459448.996	4.3404
2459448.996	4.3998
2459448.996	4.3102
2459448.996	4.3743
2459448.996	4.3465
2459448.996	4.2836
2459448.996	4.3545
2459448.997	4.3709
2459448.997	4.3401
2459448.997	4.3541
2459448.997	4.3412
2459448.997	4.3634
2459448.997	4.3821
2459448.997	4.335
2459448.997	4.2887
2459448.998	4.372
2459448.998	4.3555
2459449.697	4.2977
2459449.697	4.3302
2459449.697	4.393
2459449.697	4.362
2459449.697	4.3356
2459449.697	4.3365
2459449.698	4.3967
2459449.698	4.3501
2459449.698	4.4634
2459449.698	4.326
2459449.698	4.3081
2459449.698	4.3585
2459449.698	4.3239
2459449.698	4.3583
2459449.698	4.3271
2459449.699	4.3491
2459449.699	4.3047
2459449.699	4.3521
2459449.699	4.3532
2459449.699	4.338
2459449.699	4.3361
2459449.699	4.3387
2459449.699	4.3964
2459449.699	4.304
2459449.699	4.3558
2459449.983	4.2215
2459449.983	4.2256
2459449.983	4.2765
2459449.983	4.2954
2459449.984	4.2431
2459449.984	4.2829
2459449.984	4.2233
2459449.984	4.2319
2459449.984	4.2167
2459449.984	4.2883
2459449.984	4.2953
2459449.984	4.3164
2459449.984	4.2357
2459449.984	4.2293
2459449.985	4.2458
2459449.985	4.2382
2459449.985	4.2382
2459449.985	4.2361
2459449.985	4.2298
2459449.985	4.2637
2459449.985	4.281
2459449.985	4.2742
2459449.985	4.2478
2459449.986	4.2221
2459449.986	4.2434
2459449.994	4.1826
2459449.994	4.2052
2459449.994	4.228
2459449.994	4.2516
2459449.994	4.2687
2459449.994	4.2228
2459449.994	4.2291
2459449.994	4.2554
2459449.994	4.2664
2459449.995	4.2518
2459449.995	4.2325
2459449.995	4.2533
2459449.995	4.2426
2459449.995	4.2753
2459449.995	4.2023
2459449.995	4.2296
2459449.995	4.2099
2459449.995	4.2347
2459449.995	4.2216
2459449.996	4.1956
2459449.996	4.263
2459449.996	4.267
2459449.996	4.1966
2459449.996	4.2457
2459449.996	4.1802
2459451.825	3.8221
2459451.825	3.8242
2459451.825	3.8513
2459451.825	3.8729
2459451.826	3.9284
2459451.826	3.8969
2459451.826	3.8846
2459451.826	3.9176
2459451.826	3.8549
2459451.826	3.8805
2459451.826	3.9032
2459451.826	3.8724
2459451.826	3.8388
2459451.826	3.9169
2459451.827	3.8643
2459451.827	3.8744
2459451.827	3.8206
2459451.827	3.9018
2459451.827	3.902
2459451.827	3.9087
2459451.827	3.909
2459451.827	3.9508
2459451.827	3.881
2459451.828	3.9356
2459451.828	3.9615
2459451.953	3.7984
2459451.953	3.784
2459451.954	3.8058
2459451.954	3.7756
2459451.954	3.789
2459451.954	3.845
2459451.954	3.8042
2459451.954	3.8218
2459451.955	3.8046
2459451.955	3.8272
2459451.955	3.7963
2459451.955	3.8717
2459451.955	3.7932
2459451.955	3.8329
2459451.955	3.786
2459451.955	3.785
2459451.956	3.7686
2459451.956	3.8282
2459451.956	3.7527
2459451.956	3.7658
2459451.956	3.8318
2459451.956	3.8222
2459451.956	3.8216
2459451.956	3.8115
2459451.957	3.7854
2459453.867	4.3274
2459453.867	4.2774
2459453.867	4.2703
2459453.867	4.3004
2459453.867	4.3391
2459453.867	4.3723
2459453.868	4.3059
2459453.868	4.3704
2459453.868	4.3515
2459453.868	4.3256
2459453.868	4.3513
2459453.868	4.3113
2459453.868	4.2805
2459453.868	4.2561
2459453.868	4.2577
2459453.868	4.3493
2459453.869	4.3854
2459453.869	4.3503
2459453.869	4.2589
2459453.869	4.25
2459453.869	4.3122
2459453.869	4.2876
2459453.869	4.3157
2459453.869	4.318
2459453.869	4.3283
2459453.972	4.3356
2459453.972	4.2817
2459453.973	4.2532
2459453.973	4.2899
2459453.973	4.3004
2459453.973	4.3197
2459453.973	4.2764
2459453.973	4.2622
2459453.973	4.265
2459453.973	4.2647
2459453.973	4.2508
2459453.974	4.2857
2459453.974	4.2181
2459453.974	4.2529
2459453.974	4.2505
2459453.974	4.2913
2459453.974	4.2845
2459453.974	4.3172
2459453.974	4.2394
2459453.974	4.2802
2459453.975	4.2811
2459453.975	4.2916
2459453.975	4.3079
2459453.975	4.3141
2459454.829	4.4037
2459454.83	4.4179
2459454.83	4.4286
2459454.83	4.443
2459454.83	4.3874
2459454.83	4.4332
2459454.83	4.4975
2459454.83	4.4466
2459454.83	4.4276
2459454.83	4.3863
2459454.831	4.3985
2459454.831	4.4055
2459454.831	4.4789
2459454.831	4.4414
2459454.831	4.4092
2459454.831	4.4014
2459454.831	4.3868
2459454.831	4.4027
2459454.831	4.4617
2459454.831	4.4172
2459454.832	4.4631
2459454.832	4.429
2459454.832	4.4061
2459454.832	4.4131
2459454.832	4.4408
2459454.979	4.3766
2459454.98	4.3995
2459454.98	4.4079
2459454.98	4.4328
2459454.98	4.4208
2459454.98	4.3908
2459454.98	4.3946
2459454.98	4.4611
2459454.98	4.4116
2459454.98	4.4197
2459454.98	4.4404
2459454.981	4.4536
2459454.981	4.3998
2459454.981	4.4243
2459454.981	4.3942
2459454.981	4.4309
2459454.981	4.3983
2459454.981	4.4143
2459454.981	4.3794
2459454.981	4.3856
2459454.982	4.4292
2459454.982	4.4257
2459454.982	4.4085
2459454.982	4.4144
2459454.982	4.4901
2459455.815	3.8379
2459455.815	3.8207
2459455.815	3.9955
2459455.815	3.8889
2459455.815	3.9357
2459455.815	3.8377
2459455.815	3.9318
2459455.815	3.9915
2459455.815	3.9202
2459455.816	4.0098
2459455.816	3.8551
2459455.816	3.9976
2459455.816	3.9572
2459455.816	3.9866
2459455.816	3.9388
2459455.816	3.8713
2459455.816	3.9652
2459455.816	3.9833
2459455.816	3.9583
2459455.817	3.9743
2459455.817	3.9481
2459455.817	4.0106
2459455.817	3.9002
2459455.817	4.0271
2459455.817	3.9341
2459455.968	3.7799
2459455.968	3.7696
2459455.969	3.842
2459455.969	3.7991
2459455.969	3.7807
2459455.969	3.8115
2459455.969	3.8231
2459455.969	3.7702
2459455.969	3.9152
2459455.969	3.8696
2459455.97	3.7969
2459455.97	3.8079
2459455.97	3.7411
2459455.97	3.9097
2459455.97	3.8332
2459455.97	3.7443
2459455.97	3.8382
2459455.97	3.8907
2459455.971	3.776
2459455.971	3.7197
2459455.971	3.7971
2459455.971	3.8703
2459455.971	3.7028
2459455.971	3.7501
2459455.971	3.7447
2459455.998	3.5958
2459455.999	3.5607
2459455.999	3.6314
2459455.999	3.7437
2459455.999	3.6403
2459455.999	3.6585
2459455.999	3.5989
2459455.999	3.6689
2459455.999	3.6859
2459456	3.6963
2459456	3.6824
2459456	3.6446
2459456	3.715
2459456	3.684
2459456	3.7052
2459456	3.6456
2459456	3.6266
2459456	3.7482
2459456.001	3.6029
2459456.001	3.6309
2459456.001	3.7121
2459456.001	3.7363
2459456.001	3.6538
2459456.001	3.7299
2459456.001	3.6233
2459456.952	3.7808
2459456.952	3.7485
2459456.952	3.7473
2459456.952	3.7863
2459456.953	3.8477
2459456.953	3.7367
2459456.953	3.6643
2459456.953	3.7319
2459456.953	3.8299
2459456.953	3.807
2459456.953	3.8574
2459456.953	3.8379
2459456.953	3.6795
2459456.953	3.8006
2459456.954	3.7049
2459456.954	3.6569
2459456.954	3.7191
2459456.954	3.6782
2459456.954	3.8142
2459456.954	3.7129
2459456.954	3.7033
2459456.954	3.8643
2459456.954	3.7876
2459456.954	3.7804
2459456.954	3.7392
2459457.774	4.0151
2459457.774	4.0845
2459457.774	4.0665
2459457.775	4.1497
2459457.775	4.0528
2459457.775	4.1161
2459457.775	4.0683
2459457.775	4.0708
2459457.775	4.0988
2459457.775	4.0014
2459457.775	4.0511
2459457.775	4.0806
2459457.775	4.0072
2459457.776	4.0554
2459457.776	4.1091
2459457.776	4.1109
2459457.776	4.1418
2459457.776	4.0049
2459457.776	4.0906
2459457.776	4.09
2459457.776	4.0797
2459457.776	4.1296
2459457.777	4.0098
2459457.777	4.1017
2459457.777	4.0902
2459457.961	4.0829
2459457.961	4.0227
2459457.961	4.1136
2459457.962	4.1232
2459457.962	4.0942
2459457.962	4.0923
2459457.962	4.0579
2459457.962	4.0484
2459457.962	4.0353
2459457.962	3.9934
2459457.962	3.9879
2459457.962	4.0078
2459457.962	4.0963
2459457.963	4.0409
2459457.963	4.0126
2459457.963	3.9157
2459457.963	4.0306
2459457.963	4.0716
2459457.963	4.0182
2459457.963	4.0851
2459457.963	4.0027
2459457.963	4.1382
2459457.963	4.0877
2459457.964	3.9912
2459457.964	4.0511
2459457.978	3.987
2459457.978	4.019
2459457.978	3.9481
2459457.978	3.9778
2459457.978	4.0069
2459457.978	4.0669
2459457.978	4.0012
2459457.978	4.1089
2459457.979	4.0654
2459457.979	4.0111
2459457.979	4.084
2459457.979	4.0313
2459457.979	4.0834
2459457.979	4.1179
2459457.979	4.1463
2459457.979	3.9742
2459457.979	4.0825
2459457.979	4.0978
2459457.98	4.1108
2459457.98	4.1558
2459457.98	4.0593
2459457.98	4.2231
2459457.98	4.0139
2459457.98	3.9937
2459457.98	4.1247
2459459.024	4.1314
2459459.024	4.0745
2459459.025	4.1465
2459459.025	4.0408
2459459.025	4.2235
2459459.025	4.1706
2459459.025	4.1993
2459459.025	4.1724
2459459.025	4.1385
2459459.026	4.1575
2459459.026	4.1359
2459459.026	4.2142
2459459.026	4.1656
2459459.026	4.1507
2459459.026	4.2095
2459459.026	4.1355
2459459.027	4.1802
2459459.027	4.2133
2459459.027	4.1799
2459459.027	4.0995
2459459.027	4.1218
2459459.027	4.1582
2459459.027	4.1248
2459459.027	4.2827
2459459.028	4.2019
2459460.964	4.0076
2459460.964	4.0023
2459460.964	4.02
2459460.964	3.9882
2459460.965	4.0492
2459460.965	3.9649
2459460.965	4.0643
2459460.965	4.0598
2459460.965	3.9996
2459460.965	3.9891
2459460.965	4.0398
2459460.965	4.0068
2459460.965	3.9883
2459460.966	4.0534
2459460.966	4.0001
2459460.966	4.0129
2459460.966	4.0323
2459460.966	4.0374
2459460.966	4.0287
2459460.966	4.0919
2459460.966	4.0452
2459460.966	4.067
2459460.966	3.9848
2459460.967	4.0854
2459460.967	4.0287
2459460.987	4.0153
2459460.987	3.9333
2459460.987	3.9995
2459460.987	3.953
2459460.988	3.9732
2459460.988	4.0167
2459460.988	3.9158
2459460.988	4.0518
2459460.988	4.0029
2459460.988	4.0391
2459460.988	4.0383
2459460.988	3.9789
2459460.988	4.0078
2459460.989	4.0818
2459460.989	4.0184
2459460.989	3.9809
2459460.989	4.0398
2459460.989	3.9986
2459460.989	4.0273
2459460.989	4.0158
2459460.989	3.9602
2459460.989	4.0345
2459460.989	4.0069
2459460.99	3.9589
2459460.99	4.0004
2459462.013	3.4971
2459462.013	3.5947
2459462.013	3.6944
2459462.013	3.5543
2459462.013	3.6569
2459462.013	3.6411
2459462.014	3.5197
2459462.014	3.6222
2459462.014	3.6738
2459462.014	3.6366
2459462.014	3.5526
2459462.014	3.6325
2459462.014	3.6028
2459462.014	3.6035
2459462.014	3.6464
2459462.014	3.5605
2459462.015	3.6108
2459462.015	3.593
2459462.015	3.5729
2459462.015	3.4891
2459462.015	3.5886
2459462.015	3.6454
2459462.015	3.6574
2459462.015	3.6546
2459462.015	3.5815
2459462.821	3.8918
2459462.821	4.0009
2459462.821	3.9604
2459462.821	3.9728
2459462.821	3.938
2459462.822	4.0876
2459462.822	4.0805
2459462.822	3.9738
2459462.822	3.852
2459462.822	4.0035
2459462.822	3.9954
2459462.822	3.8828
2459462.822	3.8886
2459462.822	3.9756
2459462.823	3.9327
2459462.823	3.8749
2459462.823	3.9637
2459462.823	3.961
2459462.823	3.9419
2459462.823	3.977
2459462.823	3.9395
2459462.823	3.9816
2459462.823	3.9366
2459462.823	3.998
2459462.824	3.9933
2459463.021	3.8436
2459463.021	3.9243
2459463.021	3.8413
2459463.021	3.9509
2459463.021	3.8797
2459463.022	3.9647
2459463.022	3.8304
2459463.022	3.9024
2459463.022	3.9058
2459463.022	3.8624
2459463.022	3.918
2459463.022	3.8753
2459463.022	3.8953
2459463.022	3.8926
2459463.022	3.954
2459463.022	3.9002
2459463.023	3.8581
2459463.023	3.9483
2459463.023	3.9251
2459463.023	3.8818
2459463.023	3.837
2459463.023	3.8703
2459463.023	3.9395
2459463.023	3.8898
2459463.023	3.8904
2459463.857	4.0793
2459463.857	4.1884
2459463.857	4.0901
2459463.857	4.2139
2459463.857	4.1261
2459463.857	4.1839
2459463.857	4.188
2459463.857	4.1514
2459463.857	4.3124
2459463.858	4.1583
2459463.858	4.0967
2459463.858	4.1175
2459463.858	4.2289
2459463.858	4.0786
2459463.858	4.1264
2459463.858	4.2137
2459463.858	4.1569
2459463.858	4.1243
2459463.859	4.1035
2459463.859	4.1148
2459463.859	4.1692
2459463.859	4.1203
2459463.859	4.1823
2459463.859	4.2353
2459463.859	4.1611
2459463.976	4.1097
2459463.976	4.1294
2459463.976	4.1443
2459463.976	4.1271
2459463.976	4.1287
2459463.976	4.1191
2459463.976	4.1245
2459463.977	4.084
2459463.977	4.1
2459463.977	4.0755
2459463.977	4.1265
2459463.977	4.0967
2459463.977	4.1859
2459463.977	4.1816
2459463.977	4.18
2459463.977	4.0948
2459463.978	4.1675
2459463.978	4.1426
2459463.978	4.1713
2459463.978	4.1431
2459463.978	4.2144
2459463.978	4.1351
2459463.978	4.2031
2459463.978	4.1131
2459463.978	4.1826
2459464.755	4.2799
2459464.755	4.2809
2459464.755	4.299
2459464.755	4.3001
2459464.755	4.307
2459464.755	4.3053
2459464.755	4.3597
2459464.755	4.3596
2459464.755	4.3818
2459464.755	4.3802
2459464.756	4.3197
2459464.756	4.3177
2459464.756	4.356
2459464.756	4.3547
2459464.756	4.3965
2459464.756	4.3947
2459464.756	4.3571
2459464.756	4.3575
2459464.756	4.3185
2459464.756	4.344
2459464.756	4.3446
2459464.756	4.3977
2459464.756	4.3961
2459464.756	4.4237
2459464.756	4.4233
2459464.756	4.3164
2459464.756	4.3183
2459464.757	4.3887
2459464.757	4.3888
2459464.757	4.3064
2459464.757	4.3058
2459464.757	4.3668
2459464.757	4.3679
2459464.757	4.3316
2459464.757	4.3304
2459464.757	4.3658
2459464.757	4.3645
2459464.757	4.355
2459464.757	4.3537
2459464.757	4.3119
2459464.757	4.31
2459464.757	4.403
2459464.757	4.4001
2459464.757	4.3348
2459464.757	4.3338
2459464.757	4.3068
2459464.757	4.3025
2459464.758	4.3254
2459464.758	4.3244
2459465.762	4.3954
2459465.762	4.4448
2459465.762	4.3826
2459465.762	4.3927
2459465.762	4.4324
2459465.762	4.3982
2459465.762	4.3846
2459465.762	4.4201
2459465.762	4.411
2459465.762	4.373
2459465.763	4.3649
2459465.763	4.3869
2459465.763	4.3643
2459465.763	4.3285
2459465.763	4.4192
2459465.763	4.3541
2459465.763	4.3621
2459465.763	4.36
2459465.763	4.4567
2459465.763	4.4103
2459465.764	4.3462
2459465.764	4.4112
2459465.764	4.406
2459465.764	4.4215
2459465.764	4.4217
2459466.853	3.7902
2459466.853	3.8383
2459466.853	3.8013
2459466.853	3.9483
2459466.854	3.8392
2459466.854	3.7525
2459466.854	3.7511
2459466.854	3.8352
2459466.854	3.8841
2459466.854	3.906
2459466.854	3.7463
2459466.854	3.7938
2459466.854	3.8105
2459466.854	3.758
2459466.855	3.8671
2459466.855	3.8494
2459466.855	3.8843
2459466.855	3.8685
2459466.855	3.8175
2459466.855	3.8058
2459466.855	3.812
2459466.855	3.8101
2459466.855	3.8524
2459466.855	3.8614
2459466.856	3.807
2459466.955	3.4481
2459466.955	3.4895
2459466.955	3.5174
2459466.955	3.505
2459466.956	3.5372
2459466.956	3.5342
2459466.956	3.499
2459466.956	3.5445
2459466.956	3.5949
2459466.956	3.5443
2459466.956	3.4734
2459466.956	3.5542
2459466.956	3.4957
2459466.957	3.4579
2459466.957	3.5459
2459466.957	3.4863
2459466.957	3.5174
2459466.957	3.5216
2459466.957	3.6131
2459466.957	3.4599
2459466.957	3.5771
2459466.957	3.5893
2459466.958	3.4634
2459466.958	3.5154
2459466.958	3.5022
2459473.594	3.739
2459488.421	3.402
2459502.617	4.146
2459514.517	3.999
2459523.527	4.051
2459529.377	4.117
2459546.577	4.075
2459549.4	3.836
2459560.481	3.984
2459582.5	4.037
2459591.374	3.603
2459602.391	3.717
2459608.379	3.859
2459613.425	3.794
2459620.285	4.187
2459620.406	4.105
2459630.374	3.976
2459665.941	3.545
2459666.938	3.781
2459672.917	3.828
2459681.923	3.45
2459686.876	3.417
2459696.826	4.057
2459703.862	3.652
2459706.851	4.164
2459727.454	4.232
2459727.74	4.049
2459733.745	4.202
2459734.729	3.836
2459743.729	4.072
2459745.771	3.485
2459747.728	3.824
2459748.711	3.988
2459751.735	3.479
2459753.74	3.956
2459754.719	4.092
2459757.758	3.705
2459758.688	3.889
2459759.451	4.08
2459770.741	4.108
2459788.64	3.579
2459800.408	3.616
2459803.637	4.19
2459804.505	3.887
2459805.44	3.533
2459808.638	4.136
2459839.397	3.612
2459842.562	3.439
2459844.492	4.013
2459844.735	3.905
2459845.556	4.044
2459847.496	3.89
2459851.659	4.34
2459852.482	4.14
2459852.689	3.904
2459853.711	3.434
2459854.613	3.87
2459861.531	4.141
2459863.654	3.729
2459865.549	3.837
2459867.392	4.111
2459867.524	4.242
2459868.51	4.2
2459871.597	3.986
2459872.474	4.186
2459873.492	4.335
2459874.613	3.516
2459875.489	3.687
2459881.491	3.813
2459882.49	4.06
2459883.489	4.251
2459886.482	3.72
2459886.512	3.652
2459887.481	3.993
2459888.487	4.144
2459889.528	4.417
2459891.482	3.666
2459892.48	3.829
2459893.48	4.071
2459894.479	4.172
2459904.521	4.207
2459910.47	4.245
2459912.543	3.516
2459914.5	3.926
2459918.499	3.695
2459922.468	3.928
2459923.47	3.471
2459926.514	4.285
2459927.467	4.274
2459928.469	3.481
2459934.45	3.679
2459935.45	3.944
2459939.444	3.614
2459940.443	3.763
2459941.443	4.041
2459943.445	4.353
2460018.925	3.946
2460022.924	4.087
2460040.936	3.462
2460047.864	3.771
2460061.835	4.123
2460071.852	4.297
2460073.849	3.51
2460074.847	3.806
2460075.826	4.025
2460075.844	4.078
2460076.843	4.231
2460077.825	4.186
2460078.844	3.463
2460079.839	3.723
2460081.807	4.128
2460083.81	3.591
2460084.822	3.605
2460084.822	3.588
2460087.822	4.309
2460087.822	4.298
2460088.818	3.931
2460088.818	3.95
2460090.812	3.778
2460090.812	3.797
2460091.801	4.012
2460091.801	4.031
2460092.808	4.197
2460092.808	4.216
2460093.802	4.211
2460094.806	3.46
2460095.798	3.693
2460096.793	3.952
2460097.781	4.052
2460103.745	4.14
2460104.743	4.001
2460105.754	3.447
2460106.755	3.734
2460113.774	4.026
2460115.702	3.794
2460116.732	3.554
2460117.762	3.785
2460132.742	3.524
2460137.67	3.46
2460144.672	3.801
2460145.819	4.08
2460149.742	3.767
2460152.667	4.178
2460154.649	3.652
2460156.605	4.077
2460156.649	4.068
2460157.624	4.281
2460158.596	3.911
2460159.595	3.481
2460162.588	4.23
2460164.729	3.459
2460165.673	3.727
2460166.637	3.968
2460168.616	4.281
2460170.608	3.601
2460172.657	4.039
2460174.64	3.96
2460179.558	4.255
2460179.663	4.235
2460180.555	3.543
2460180.646	3.464
2460184.64	4.217
2460186.601	3.572
2460187.544	3.822
2460188.586	4.032
2460189.587	4.227
2460191.525	3.449
2460193.499	3.909
2460194.513	4.155
2460195.426	4.205
2460197.426	3.648
2460202.459	3.466
2460202.512	3.516
2460208.512	3.699
2460209.616	3.96
2460214.601	3.862
2460215.571	4.084
2460216.577	4.26
2460219.59	3.765
2460220.654	3.986
2460221.586	4.217
2460222.584	4.237
2460225.585	3.942
2460241.574	3.922
2460242.552	4.124
2460246.591	3.832
2460248.557	4.132
2460251.6	3.826
2460253.51	4.054
2460258.505	4
2460262.512	3.712
2460264.535	4.137
2460266.518	3.434
2460267.527	3.635
2460279.505	3.958
2460286.585	4.183
2460308.508	4.092
2460312.449	4.234
2460320.315	3.41
2460326.501	3.639
2460328.353	4.011
2460337.226	3.562
2460338.233	3.834
2460339.215	3.972
2460341.514	3.426
2460343.698	3.866
2460343.7	3.864
2460346.248	3.96
2460352.673	3.403
2460356.246	4.115
2460357.227	3.741
2460358.628	3.616
2460373.65	3.402
2460373.669	3.413
2460375.575	3.822
2460380.957	3.83
2460383.643	4.076
2460384.608	3.409
2460387.624	4.083
2460390.647	3.493
2460395.616	3.377
2460397.94	4.024
2460398.616	4.11
2460403.589	4.023
2460405.628	3.629
2460411.617	3.354
2460413.898	3.954
2460415.886	4.093
2460418.605	3.822
2460426.517	4.148
2460429.535	3.84
2460430.853	4.088
2460434.832	3.87
2460440.495	3.944
2460441.841	4.477
2460442.835	4.01
2460445.815	3.916
2460448.796	3.467
2460453.368	4.122
2460453.37	4.147
2460453.811	3.76
2460454.788	3.488
2460455.367	3.653
2460458.537	4.159
2460460.403	3.514
2460460.797	3.659
2460470.772	3.468
2460475.392	3.622
2460475.735	3.451
2460475.767	3.487
2460476.389	3.481
2460477.765	3.998
2460480.705	3.736
2460481.434	3.379
2460484.405	4.081
2460490.478	4.156
2460491.742	3.502
2460492.756	3.617
2460492.81	3.758
2460493.727	3.91
2460494.72	4.17
2460498.361	3.6
2460498.731	3.763
2460499.827	4.108
2460500.827	4.261
2460501.438	4.13
2460503.812	3.919
2460504.42	3.802
2460505.803	4.148
2460506.813	4.292
2460507.391	3.836
2460509.744	3.813
2460510.727	4.012
2460510.79	4.174
2460511.79	4.302
2460512.377	4.099
2460512.794	3.959
2460513.795	3.603
2460516.7	4.117
2460518.47	3.48
2460518.778	3.498
2460521.435	3.975
2460521.721	4.054
2460524.607	3.825
2460525.668	3.852
2460529.841	3.489
2460530.612	3.875
2460531.723	3.955
2460532.345	4.007
2460533.366	4.181
2460533.577	4.275
2460534.366	3.685
2460536.572	4.133
2460546.681	3.706
2460547.306	3.774
2460547.569	3.921
2460549.67	4.198
2460550.315	3.83
2460550.565	3.64
2460551.36	3.425
2460551.531	3.522
2460552.314	3.685
2460552.528	3.877
2460553.44	3.938
2460553.558	4.059
2460554.65	4.178
2460555.359	4.104
2460555.803	3.832
2460556.533	3.506
2460556.54	3.333
2460557.532	3.745
2460558.305	3.867
2460558.623	4.007
2460559.529	4.224
2460560.279	4.169
2460560.754	4.094
2460561.384	3.495
2460562.578	3.685
2460563.694	3.921
2460564.601	4.144
2460565.294	4.119
2460565.521	4.307
2460567.639	3.585
2460568.702	3.912
2460569.604	4.094
2460570.563	4.28
2460573.279	3.559
2460573.281	3.595
2460574.294	3.847
2460575.334	4.011
2460576.279	4.157
2460580.26	3.943
2460580.553	4.06
2460583.551	3.499
2460585.321	3.879
2460586.637	4.132
2460587.684	4.195
2460589.579	3.775
2460590.252	3.782
2460591.515	4.054
2460593.541	3.612
2460594.534	3.567
2460602.576	4.147
2460603.511	4.279
2460604.254	3.569
2460604.51	3.48
2460605.5	3.706
2460606.516	4.011
2460606.516	3.958
2460607.521	4.151
2460608.24	4.129
2460608.497	4.315
2460609.538	3.701
2460610.518	3.579
2460612.261	3.898
2460612.494	4.086
2460616.233	3.568
2460616.546	3.703
2460617.458	3.878
2460617.491	4.029
2460618.487	4.198
2460619.234	4.153
2460624.213	4.119
2460630.514	4.075
2460631.213	3.442
2460640.197	4.103
2460643.232	3.614
2460646.209	4.146
2460646.554	4.118
2460650.21	3.959
2460657.504	3.998
2460661.253	4.022
2460665.607	4.028
2460666.235	3.961
2460666.625	4.145
2460667.457	4.314
2460667.46	4.329
2460668.621	3.777
2460669.447	3.553
2460669.45	3.533
2460670.198	3.632
2460670.447	3.827
2460670.45	3.836
2460670.605	3.839
2460671.194	3.878
2460671.446	4.128
2460671.449	4.125
2460671.611	4.14
2460672.241	4.071
2460673.605	4.127
2460674.633	3.449
2460675.213	3.548
2460676.588	3.988
2460677.35	3.898
2460679.448	3.609
2460679.45	3.635
2460679.499	3.519
2460680.49	3.596
2460682.563	4.008
2460686.574	3.819
2460686.574	3.837
2460687.577	4.056
2460687.577	4.006
2460688.567	4.131
2460688.567	4.152
2460689.58	4.091
2460689.58	4.116
2460692.587	3.941
2460692.587	3.888
2460693.22	3.964
2460695.554	3.476
2460695.554	3.434
2460697.606	3.899
2460697.606	3.893
2460698.223	3.919
2460701.693	3.445
2460705.228	4.15
2460709.674	4.048
2460712.234	3.381
2460715.241	4.107
2460724.237	3.721
2460725.593	4
2460726.652	4.115
2460728.648	3.502
2460735.598	3.883
2460738.614	3.39
2460741.675	3.994
2460743.952	3.439
2460753.275	4.159
2460753.649	4.152
2460760.65	3.411
2460762.585	3.921
2460765.573	3.352
2460768.928	4.117
2460769.518	4.104
2460773.908	4.031
2460774.6	4.13
2460776.614	3.378
2460777.892	3.818
2460781.619	3.333
2460781.87	3.425
2460787.857	3.575
2460793.323	3.554
2460793.602	3.638
2460793.863	3.745
2460794.568	3.871
2460795.531	4.076
2460798.349	3.398
2460802.832	3.587
2460804.843	3.799
2460805.578	3.916
2460806.87	4.148
2460809.36	3.694
2460811.532	4.037
2460811.819	4.08
2460817.462	4.172
2460821.784	3.969
2460824.784	3.431
2460828.811	4.128
2460832.39	3.926
2460836.817	3.915
2460836.821	3.796
2460838.506	4.093
2460838.759	4.443
2460838.761	4.258
2460839.753	4.235
2460839.756	4.236
2460841.536	3.567
2460843.738	4.172
2460844.427	4.116
2460847.386	3.694
2460848.375	3.903
2460848.742	3.959
2460849.783	4.178
2460851.396	3.353
2460852.392	3.591
2460854.726	4.051
2460855.402	4.158
2460855.755	4.141
2460857.363	3.456
2460857.796	3.678
2460858.74	3.875
2460859.736	4.117
2460861.362	4.003
2460861.676	3.877
2460861.679	3.895
2460861.754	3.715
2460862.546	3.394
2460863.703	3.885
2460863.706	3.836
2460864.396	3.889
2460865.805	4.189
2460866.774	4.065
2460869.771	3.922
2460870.396	4.002
2460872.671	3.549
2460872.673	3.563
2460875.651	4.104
2460875.654	4.106
2460876.413	4.117
2460877.371	4.083
2460877.718	3.837
2460879.567	3.659
2460880.719	4.01
2460882.628	4.271
2460882.63	4.273
2460883.738	3.467
2460884.73	3.742
2460885.617	3.997
2460885.617	4.079
2460886.51	3.995
2460888.458	3.752
2460889.585	3.509
2460889.607	3.619
2460889.61	3.637
2460889.676	3.577
2460890.602	3.875
2460890.605	3.853
2460891.607	4.036
2460892.331	4.099
2460892.593	4.269
2460892.596	4.244
2460892.793	4.13
2460894.556	3.353
2460896.332	3.836
2460897.336	4.036
2460897.576	4.216
2460897.58	4.262
2460898.575	4.366
2460898.578	4.369
2460899.352	3.603
2460899.586	3.459
2460899.589	3.483
2460900.583	3.599
2460900.586	3.584
2460901.355	3.754
2460902.565	4.087
2460902.568	4.11
2460905.32	3.362
2460908.705	4.175
2460909.635	4.093
2460911.553	3.762
2460911.556	3.746
2460913.369	4.021
2460913.655	4.187
2460915.408	3.641
2460915.547	3.635
2460915.55	3.63
2460916.668	3.703
2460918.862	4.265
2460918.907	4.221
2460919.323	4.097
2460919.542	4.306
2460919.546	4.333
2460919.623	4.216
2460919.95	4.382
2460920.696	3.901
2460921.539	3.549
2460921.542	3.53
2460922.282	3.652
2460924.531	4.27
2460924.534	4.271
2460925.291	4.144
2460925.727	4.251
2460926.724	3.523
2460927.527	3.735
2460927.531	3.73
2460927.579	3.611
2460927.723	3.826
2460928.532	3.992
2460928.535	4.009
2460929.51	4.199
2460929.513	4.199
2460930.508	4.39
2460930.512	4.37
2460932.984	3.789
2460933.266	3.697
2460933.509	3.877
2460933.512	3.888
2460933.641	3.813
2460933.703	3.982
2460934.508	4.14
2460934.511	4.109
2460937.291	3.381
2460937.586	3.524
2460937.59	3.529
2460938.311	3.612
2460938.516	3.785
2460938.519	3.83
2460938.874	3.939
2460939.273	3.854
2460939.512	4.057
2460939.516	4.073
2460943.814	3.831
2460946.596	4.176
2460947.399	3.862
2460949.877	3.996
2460951.251	4.076
2460951.254	4.058
2460951.877	4.359
2460952.402	4.092
2460953.635	3.455
2460953.676	3.554
2460957.541	4.3
2460957.544	4.348
2460958.361	3.614
2460958.541	3.569
2460958.544	3.56
2460962.26	4.118
2460966.326	3.7
2460966.529	4.078
2460966.532	4.052
2460967.278	4.055
2460967.28	4.06
2460967.565	4.297
2460967.568	4.288
2460968.576	4.112
2460971.351	3.8
2460971.507	3.995
2460971.51	3.997
2460973.258	4.141
2460975.247	3.431
2460975.51	3.564
2460977.689	4.179
2460978.689	4.383
2460979.272	4.092
2460979.633	4.002
2460981.477	3.819
2460981.48	3.823
2460982.491	4.078
2460982.494	4.089
2460983.275	4.03
2460984.471	4.344
2460984.475	4.332
2460985.553	3.418
2460986.228	3.495
2460986.46	3.732
2460990.835	3.563
2460991.927	3.58
2460991.966	3.607
2460993.23	3.829
2460998.218	3.804
2460999.403	3.6
2461000.344	3.9
2461003.263	3.737
2461003.561	3.874
2461007.304	3.421
2461015.491	4.243
2461015.494	4.233
2461018.491	3.661
2461018.494	3.646
2461019.658	4.011
2461020.24	3.925
2461020.242	3.922
2461021.223	4.092
2461022.493	4.072
2461022.497	4.062
2461023.221	3.385
2461023.602	3.598
2461025.489	4.103
2461025.492	4.099
2461025.602	4.124
2461027.485	4.328
2461027.488	4.311
2461027.641	4.247
2461028.252	3.504
2461028.254	3.477
2461028.64	3.521
2461030.236	3.779
2461030.494	3.889
2461032.476	4.373
2461032.48	4.375
2461043.49	4.15
2461053.49	4.175
