JD,Magnitude,Uncertainty
2455471.398,2.1,
2455471.399,2.1,
2456109.476,2.1,
2456109.479,2.1,
2456193.835,2.045,
2456193.835,2.628,
2456193.838,1.415,
2456194.566,1.4,
2456194.569,2.022,
2456194.569,2.605,
2456194.751,1.387,
2456194.754,2.01,
2456194.754,2.586,
2456194.927,1.384,
2456194.931,1.999,
2456194.931,2.566,
2456195.584,1.38,
2456195.588,1.983,
2456195.588,2.548,
2456196.558,1.374,
2456196.562,1.991,
2456196.562,2.57,
2456196.749,1.385,
2456196.753,1.993,
2456196.753,2.563,
2456197.901,1.398,
2456197.905,2.028,
2456197.905,2.616,
2456198.562,1.399,
2456198.565,2.019,
2456198.565,2.612,
2456198.749,1.403,
2456198.751,2.015,
2456198.751,2.594,
2456198.926,1.371,
2456198.93,2.005,
2456198.93,2.586,
2456199.555,1.368,
2456199.558,1.99,
2456199.558,2.561,
2456199.741,1.371,
2456199.744,1.984,
2456199.744,2.542,
2456199.922,1.366,
2456199.925,1.973,
2456199.925,2.551,
2456200.558,1.378,
2456200.561,2,
2456200.561,2.59,
2456200.724,1.384,
2456200.742,2.016,
2456200.742,2.593,
2456200.928,1.399,
2456200.931,2.003,
2456200.931,2.61,
2456204.542,1.364,
2456204.544,2.004,
2456204.544,2.569,
2456206.542,1.381,
2456206.546,2.015,
2456206.546,2.599,
2456206.729,1.387,
2456206.733,2.013,
2456206.733,2.592,
2456206.93,1.381,
2456206.933,1.997,
2456206.933,2.574,
2456208.544,1.365,
2456208.547,1.987,
2456208.547,2.559,
2456208.731,1.369,
2456208.733,1.993,
2456208.733,2.578,
2456208.931,1.355,
2456208.933,2.006,
2456208.933,2.581,
2456211.536,1.357,
2456211.54,1.971,
2456211.54,2.53,
2456211.741,1.365,
2456211.744,1.974,
2456211.744,2.534,
2456211.949,1.361,
2456211.953,1.967,
2456211.953,2.528,
2456213.522,1.399,
2456213.528,2.025,
2456213.528,2.633,
2456215.534,1.353,
2456215.538,1.967,
2456215.538,2.538,
2456215.739,1.356,
2456215.742,1.962,
2456215.742,2.536,
2456215.943,1.364,
2456215.947,1.968,
2456215.947,2.54,
2456216.514,1.396,
2456216.514,2,
2456216.514,2.576,
2456217.526,1.393,
2456217.529,2.026,
2456217.529,2.623,
2456220.662,1.371,
2456220.665,1.997,
2456220.665,2.574,
2456221.519,1.386,
2456221.523,2.031,
2456221.523,2.624,
2456221.711,1.398,
2456221.715,2.032,
2456221.715,2.617,
2456221.95,1.4,
2456221.953,2.028,
2456221.953,2.613,
2456229.514,1.41,
2456229.517,2.039,
2456229.517,2.643,
2456229.808,1.414,
2456229.81,2.046,
2456229.81,2.63,
2456230.835,1.406,
2456230.838,1.994,
2456230.838,2.574,
2456231.513,1.372,
2456231.517,1.98,
2456231.517,2.544,
2456231.733,1.359,
2456231.736,1.99,
2456231.736,2.552,
2456231.952,1.371,
2456231.956,1.971,
2456231.956,2.551,
2456232.515,1.368,
2456232.519,2,
2456232.519,2.582,
2456232.763,2.014,
2456232.763,2.609,
2456232.765,1.389,
2456237.519,1.4,
2456237.522,2.037,
2456237.522,2.641,
2456240.508,1.38,
2456240.512,2.006,
2456240.512,2.578,
2456240.749,1.385,
2456240.752,2.008,
2456240.752,2.594,
2456247.501,1.371,
2456247.504,1.982,
2456247.504,2.543,
2456247.733,1.354,
2456247.737,1.96,
2456247.737,2.521,
2456247.98,1.365,
2456247.983,1.98,
2456247.983,2.539,
2456248.513,1.386,
2456248.516,2.009,
2456248.516,2.591,
2456248.976,1.395,
2456248.98,2.017,
2456248.98,2.6,
2456253.552,1.411,
2456253.556,2.039,
2456253.556,2.636,
2456253.978,1.397,
2456253.981,2.017,
2456253.981,2.601,
2456255.5,1.366,
2456255.503,1.982,
2456255.503,2.547,
2456255.744,1.357,
2456255.748,1.964,
2456255.748,2.538,
2456258.499,1.393,
2456258.503,2.009,
2456258.503,2.595,
2456259.994,1.365,
2456259.997,1.983,
2456259.997,2.558,
2456264.555,1.382,
2456264.558,2.003,
2456264.558,2.577,
2456266.502,1.373,
2456266.505,2.012,
2456266.505,2.576,
2456273.56,1.392,
2456273.564,2.017,
2456273.564,2.599,
2456274.544,1.373,
2456274.548,1.997,
2456274.548,2.58,
2456367.5,2,
2456390.4,2,
2456407.5,1.9,
2456421.4,1.9,
2456441.5,2,
2456460.5,1.9,
2456474.5,2,
2456480.5,1.9,
2456484.45,1.8,
2456494.5,2,
2456495.6,2,
2456500.47,1.9,
2456509.5,1.9,
2456521.6,1.9,
2456535.389,2,
2456535.392,2.1,
2456568.6,1.9,
2456570.6,2,
2456573.4,1.9,
2456582.5,2,
2456588.33,1.8,
2456590.5,1.9,
2456609.219,1.8,
2456637.646,1.8,
2456654.25,1.9,
2456657.578,1.8,
2456658.444,1.9,
2456659.219,1.9,
2456659.394,2,
2456660.677,2,
2456661.427,1.9,
2456661.596,1.9,
2456663.485,1.9,
2456665.327,2,
2456670.274,1.9,
2456701.34,1.8,
2456709.397,2,
2456711.34,1.9,
2456712.3,1.8,
2456713.351,1.9,
2456723.7,2,
2456726.7,1.9,
2456727.7,1.9,
2456728.7,1.8,
2456729.7,1.9,
2456746.6,2,
2456861.5,1.8,
2456862.5,1.9,
2456863.4,1.9,
2456864.5,2,
2456865.55,1.8,
2456869.5,1.8,
2456870.45,1.8,
2456874.5,2,
2456883.6,1.9,
2456897.5,1.9,
2456916.365,1.8,
2456916.429,1.8,
2456917.55,1.9,
2456946.659,1.974,
2456946.659,2.53,
2456946.766,1.969,
2456946.766,2.523,
2456947.604,2.01,
2456947.604,2.595,
2456947.755,2.009,
2456947.755,2.58,
2456947.915,2.02,
2456947.915,2.59,
2456950.53,1.975,
2456950.53,2.547,
2456950.67,1.978,
2456950.67,2.555,
2456950.814,1.965,
2456950.814,2.532,
2456950.957,1.978,
2456950.957,2.538,
2456951.526,2.012,
2456951.526,2.587,
2456951.67,2.016,
2456951.67,2.598,
2456951.815,2.012,
2456951.815,2.58,
2456951.96,2.014,
2456951.96,2.596,
2456952.524,2.035,
2456952.524,2.632,
2456952.67,2.041,
2456952.67,2.63,
2456952.817,2.023,
2456952.817,2.608,
2456952.961,2.03,
2456952.961,2.605,
2456953.519,2.611,
2456953.519,2.044,
2456956.523,2.034,
2456956.523,2.634,
2456956.607,2.037,
2456956.607,2.635,
2456956.69,2.033,
2456956.69,2.631,
2456956.778,2.029,
2456956.778,2.616,
2456956.862,2.025,
2456956.862,2.612,
2456956.955,2.024,
2456956.955,2.609,
2456966.515,1.979,
2456966.515,2.552,
2456966.606,1.982,
2456966.606,2.549,
2456966.697,1.98,
2456966.697,2.555,
2456966.788,1.978,
2456966.788,2.548,
2457239.434,2.1,
2457239.441,2.1,
2457576.469,2.2,
2457576.49,2.2,
2457769.493,2.2,
2457769.497,2.1,
2458668.751,1.993,0.003
2458669.845,1.932,0.005
2458670.797,1.943,0.009
2458671.75,1.981,0.004
2458672.775,2.001,0.006
2458803.462,2.1,
2458803.465,2.2,
2458907.782,0.972,0.018
2458907.782,0.664,0.009
2458918.763,0.992,0.014
2458918.763,0.686,0.01
2458947.694,0.918,0.011
2458947.695,0.682,0.003
2458948.701,0.932,0.01
2458948.702,0.677,0.02
2458949.718,0.927,0.008
2458949.718,0.663,0.013
2458950.668,0.907,0.013
2458950.668,0.653,0.014
2458950.726,1.997,0.001
2458950.727,1.318,0.016
2458951.654,0.898,0.01
2458951.655,0.654,0.009
2458952.715,0.936,0.008
2458952.715,0.684,0.004
2458953.698,0.951,0.007
2458953.699,0.68,0.003
2458953.74,1.991,0.001
2458953.74,1.348,0.004
2458954.656,0.95,0.007
2458954.657,0.677,0.001
2458954.716,2.006,0.009
2458954.717,1.346,0.009
2458956.664,0.928,0.006
2458956.664,0.658,0.014
2458957.667,0.96,0.008
2458957.668,0.656,0.008
2458959.673,0.92,0.019
2458959.673,0.678,0.013
2458960.664,0.928,0.012
2458960.664,0.682,0.005
2458973.798,1.999,0.001
2458973.798,1.361,0.013
2458976.724,1.952,0.002
2458976.724,1.309,0.002
2458977.78,2.01,0.004
2458977.78,1.363,0.011
2459019.846,1.945,0.003
2459019.847,1.303,0.005
2459022.886,1.984,0.008
2459022.887,1.342,0.004
2459023.85,1.952,0.005
2459023.85,1.316,0.003
2459033.855,2.016,0.002
2459033.855,1.344,0.006
2459035.841,1.951,0.002
2459035.841,1.315,0.005
2459036.81,1.997,0.009
2459036.81,1.328,0.01
2459037.799,2.009,0.005
2459037.8,1.335,0.002
2459039.827,1.956,0.006
2459039.827,1.304,0.01
2459039.878,0.871,0.003
2459039.879,0.65,0.002
2459041.808,2.017,0.004
2459041.808,1.354,0.005
2459041.839,0.868,0.005
2459041.839,0.648,0.015
2459043.781,1.961,0.009
2459043.782,1.323,0.006
2459046.815,1.997,0.003
2459046.816,1.343,0.006
2459047.751,1.964,0.008
2459047.751,1.327,0.004
2459051.802,1.956,0.005
2459051.803,1.318,0.005
2459054.446,2,
2459063.702,1.955,0.005
2459063.703,1.314,0.009
2459068.803,1.986,0.002
2459068.804,1.339,0.005
2459070.801,1.969,0.004
2459070.802,1.327,0.012
2459076.771,1.987,0.002
2459076.772,1.353,0.006
2459096.782,1.994,0.003
2459096.783,1.348,0.007
2459172.463,1.997,0.005
2459182.681,0.924,0.008
2459182.682,0.686,0.012
2459185.645,0.927,0.005
2459185.645,0.631,0.004
2459186.637,0.89,0.013
2459186.638,0.649,0.005
2459188.643,0.935,0.002
2459188.643,0.677,0.005
2459345.776,1.973,0.004
2459347.759,2.013,0.002
2459349.807,1.948,0.007
2459350.755,1.986,0.001
2459351.758,2.028,0.002
2459369.135,2,
2459382.784,2.003,0.004
2459383.783,2.013,0.005
2459384.782,1.959,0.002
2459388.868,1.953,0.007
2459389.806,1.978,0.004
2459391.759,2.011,0.006
2459392.756,1.982,0.003
2459393.751,1.968,0.003
2459394.748,2.01,0.003
2459398.877,2.013,0.002
2459406.856,2.015,0.002
2459412.864,1.947,0.006
2459413.433,1.86,0.05
2459414.435,1.97,0.05
2459419.847,1.981,0.004
2459768.78,2.053,0.006
2459769.775,1.991,0.001
2459770.732,1.955,0.004
2459771.817,2,0.001
2459805.745,1.986,0.006
2459806.781,1.966,0.001
2459807.856,1.997,0.008
2459808.782,2.026,0.004
2459826.779,1.97,0.01
2459828.764,2.019,0.001
2459830.761,1.962,0.006
2459831.735,2.01,0.007
2459866.721,1.971,0.009
2459867.729,2.009,0.003
2459868.71,2.009,0.004
2459869.711,1.957,0.007
2459920.745,1.973,0.005
2459964.712,1.965,0.001
2459969.696,1.966,0.003
2459987.626,2.004,0.004
2460125.774,2.014,0.003
2460126.806,1.997,0.003
2460127.751,1.961,0.003
2460128.718,1.964,0.009
2460136.769,1.96,0.003
2460164.802,1.978,0.002
2460170.854,1.981,0.006
2460171.717,1.961,0.005
2460201.734,1.991,0.009
2460202.784,1.963,0.007
2460218.642,1.975,0.008
2460219.635,1.926,0.001
2460226.63,1.971,0.006
2460237.631,2.004,0.002
2460240.996,1.999,0.003
2460246.987,1.938,0.001
2460247.987,1.952,0.01
2460257.652,2.001,0.008
2460268.871,1.995,0.008
2460273.731,1.989,0.003
2460274.721,1.956,0.009
2460275.778,1.946,0.005
2460385.677,1.956,0.007
2460387.681,1.983,0.005
2460394.72,1.946,0.003
2460467.735,2.015,0.001
2460468.731,1.989,0.008
2460469.729,1.981,0.013
2460500.801,1.966,0.001
2460550.795,2.017,0.006
2460551.724,2.016,0.002
2460552.821,1.958,0.003
2460553.709,1.963,0.003
2460554.735,2.011,0.007
2460596.703,1.947,0.004
2460613.614,1.981,0.004
2460622.061,1.992,0.003
2460690.685,2.019,0.006
2460691.595,1.957,0.007
2460692.686,1.963,0.003
2460693.676,2.006,0.006
2460694.609,2.017,0.009
2460700.689,1.963,0.004
2460737.398,1.94,
2460792.73,1.992,0.003
2460793.73,2.029,0.003
2460823.782,1.938,0.006
2460825.783,2.01,0.006
2460828.183,2.3,
2460832.733,2.003,0.001
2460838.778,1.95,0.008
2460867.82,1.988,0.001
2460868.769,1.987,0.002
2460869.756,2.015,0.01
2460870.762,1.948,0.004
2460898.745,1.943,0.001
2460900.784,2.018,0.005
2460901.728,1.984,0.006
2460940.654,2.032,0.009
2460941.651,1.968,0.002
2460942.734,1.942,0.001
2460943.712,1.995,0.009
2460969.69,1.959,0.006
2460970.65,1.977,0.002
2461055.748,2.021,0.011
2461056.674,1.989,0.009